date,stock,strike,option_type,option_symbol,entry_time,entry_spot,entry_premium,exit_time,exit_spot,exit_premium,exit_reason,option_pnl_pct,option_pnl_amount,stock_pnl_pct,max_profit_pct,max_loss_pct
2025-11-07,ABB,5100,PE,ABB 5100 PE 25 NOV 25,2025-11-07 09:30:00+00:00,5030.0,166.45,2025-11-07 14:30:00+00:00,5005.0,163.5,Time (2:30PM),-1.7723039951937452,-368.7499999999986,-0.4970178926441352,20.156203063983185,-24.481826374286566
2025-11-11,ABB,5000,PE,ABB 5000 PE 25 NOV 25,2025-11-11 09:30:00+00:00,4964.5,124.35,2025-11-11 14:30:00+00:00,4970.0,115.9,Time (2:30PM),-6.7953357458785595,-1056.2499999999986,0.11078658475173733,9.730599115400077,-8.484117410534779
2025-11-17,ABB,5000,CE,ABB 5000 CE 25 NOV 25,2025-11-17 09:30:00+00:00,4990.5,77.25,2025-11-17 14:30:00+00:00,5015.0,86.05,Time (2:30PM),11.391585760517795,1099.9999999999995,0.4909327722673079,24.789644012944994,-15.857605177993527
2025-11-20,ABB,5100,CE,ABB 5100 CE 25 NOV 25,2025-11-20 09:30:00+00:00,5117.5,62.5,2025-11-20 14:30:00+00:00,5160.5,77.0,Time (2:30PM),23.200000000000003,1812.5,0.8402540302882266,37.440000000000005,-1.1200000000000045
2025-11-03,ABCAPITAL,300,CE,ABCAPITAL 300 CE 25 NOV 25,2025-11-03 09:31:00+00:00,332.5,35.2,2025-11-03 14:30:00+00:00,334.85,37.55,Time (2:30PM),6.676136363636346,7284.999999999983,0.7067669172932399,7.954545454545446,-7.670454545454552
2025-11-06,ABCAPITAL,300,PE,ABCAPITAL 300 PE 25 NOV 25,2025-11-06 09:35:00+00:00,329.35,0.9,2025-11-06 14:30:00+00:00,327.1,0.95,Time (2:30PM),5.555555555555548,154.9999999999998,-0.6831638074996204,33.33333333333333,-11.111111111111107
2025-11-10,ABCAPITAL,300,PE,ABCAPITAL 300 PE 25 NOV 25,2025-11-10 09:30:00+00:00,336.0,0.6,2025-11-10 14:30:00+00:00,335.55,0.6,Time (2:30PM),0.0,0.0,-0.13392857142856804,16.666666666666664,-8.333333333333323
2025-11-11,ABCAPITAL,300,PE,ABCAPITAL 300 PE 25 NOV 25,2025-11-11 09:31:00+00:00,329.8,0.85,2025-11-11 10:10:00+00:00,324.7,1.3,Target (50%),52.941176470588246,1395.0000000000002,-1.5463917525773263,52.941176470588246,0.0
2025-11-12,ABCAPITAL,300,CE,ABCAPITAL 300 CE 25 NOV 25,2025-11-12 15:19:00+00:00,331.65,31.5,2025-11-12 15:29:00+00:00,331.3,30.05,Time Stop,-4.603174603174601,-4494.999999999998,-0.1055329413538266,0.0,-4.603174603174601
2025-11-13,ABCAPITAL,300,CE,ABCAPITAL 300 CE 25 NOV 25,2025-11-13 09:38:00+00:00,330.85,31.65,2025-11-13 14:30:00+00:00,332.6,35.0,Time (2:30PM),10.584518167456562,10385.000000000004,0.5289406075260692,12.480252764612963,-0.7898894154818327
2025-11-14,ABCAPITAL,300,CE,ABCAPITAL 300 CE 25 NOV 25,2025-11-14 10:53:00+00:00,333.8,32.5,2025-11-14 14:30:00+00:00,331.4,31.55,Time (2:30PM),-2.923076923076921,-2944.9999999999977,-0.7189934092270923,0.0,-2.923076923076921
2025-11-18,ABCAPITAL,300,PE,ABCAPITAL 300 PE 25 NOV 25,2025-11-18 09:30:00+00:00,332.8,0.3,2025-11-18 14:30:00+00:00,334.55,0.25,Time (2:30PM),-16.666666666666664,-154.99999999999997,0.5258413461538461,16.666666666666664,-33.33333333333333
2025-11-24,ABCAPITAL,300,CE,ABCAPITAL 300 CE 25 NOV 25,2025-11-24 09:47:00+00:00,328.0,26.75,2025-11-24 14:30:00+00:00,331.45,32.0,Time (2:30PM),19.626168224299064,16275.0,1.0518292682926795,19.626168224299064,0.0
2025-11-25,ABCAPITAL,300,CE,ABCAPITAL 300 CE 25 NOV 25,2025-11-25 09:51:00+00:00,335.8,37.25,2025-11-25 14:30:00+00:00,343.65,44.9,Time (2:30PM),20.53691275167785,23714.999999999996,2.3377010125074347,20.53691275167785,0.0
2025-11-19,ADANIENT,2400,PE,ADANIENT 2400 PE 25 NOV 25,2025-11-19 09:30:00+00:00,2434.0,19.2,2025-11-19 14:30:00+00:00,2439.4,13.4,Time (2:30PM),-30.208333333333332,-1792.1999999999996,0.22185702547247704,17.968749999999996,-33.85416666666667
2025-11-20,ADANIENT,2500,CE,ADANIENT 2500 CE 25 NOV 25,2025-11-20 09:30:00+00:00,2467.9,22.95,2025-11-20 11:37:00+00:00,2450.8,13.65,Stop (-40%),-40.52287581699346,-2873.7,-0.6928967948458167,13.289760348583881,-40.52287581699346
2025-11-25,ADANIENT,2400,PE,ADANIENT 2400 PE 25 NOV 25,2025-11-25 09:30:00+00:00,2377.0,24.45,2025-11-25 10:47:00+00:00,2361.8,37.0,Target (50%),51.32924335378324,3877.9500000000003,-0.6394615061001185,51.32924335378324,-29.24335378323108
2025-11-26,ADANIENT,2288,CE,ADANIENT 2288 CE 30 DEC 25,2025-11-26 09:34:00+00:00,2343.9,114.75,2025-11-26 14:30:00+00:00,2327.3,98.4,Time (2:30PM),-14.24836601307189,-5052.149999999998,-0.7082213405008707,0.0,-14.24836601307189
2025-11-03,ADANIGREEN,1100,CE,ADANIGREEN 1100 CE 25 NOV 25,2025-11-03 09:30:00+00:00,1157.1,80.65,2025-11-03 14:30:00+00:00,1121.6,53.8,Time (2:30PM),-33.29200247985122,-16110.000000000005,-3.0680148647480774,5.6416615003099775,-33.29200247985122
2025-11-04,ADANIGREEN,1100,PE,ADANIGREEN 1100 PE 25 NOV 25,2025-11-04 09:30:00+00:00,1104.3,35.2,2025-11-04 14:30:00+00:00,1088.4,41.4,Time (2:30PM),17.61363636363635,3719.9999999999973,-1.43982613420265,24.99999999999999,-5.3977272727272885
2025-11-06,ADANIGREEN,1100,PE,ADANIGREEN 1100 PE 25 NOV 25,2025-11-06 09:30:00+00:00,1079.2,44.2,2025-11-06 14:30:00+00:00,1053.5,62.0,Time (2:30PM),40.271493212669675,10679.999999999998,-2.381393624907343,45.81447963800905,-0.5656108597285068
2025-11-07,ADANIGREEN,1100,PE,ADANIGREEN 1100 PE 25 NOV 25,2025-11-07 09:32:00+00:00,1051.0,60.7,2025-11-07 14:30:00+00:00,1068.5,46.8,Time (2:30PM),-22.89950576606261,-8340.000000000004,1.6650808753568032,13.426688632619424,-22.89950576606261
2025-11-10,ADANIGREEN,1100,CE,ADANIGREEN 1100 CE 25 NOV 25,2025-11-10 09:30:00+00:00,1082.5,28.45,2025-11-10 14:30:00+00:00,1061.6,20.15,Time (2:30PM),-29.17398945518454,-4980.0,-1.9307159353348813,3.690685413005275,-32.68892794376099
2025-11-12,ADANIGREEN,1100,CE,ADANIGREEN 1100 CE 25 NOV 25,2025-11-12 09:30:00+00:00,1057.2,17.9,2025-11-12 09:54:00+00:00,1084.3,29.0,Target (50%),62.01117318435756,6660.000000000001,2.5633749527052503,62.01117318435756,-7.821229050279323
2025-11-13,ADANIGREEN,1100,PE,ADANIGREEN 1100 PE 25 NOV 25,2025-11-13 09:30:00+00:00,1072.6,42.7,2025-11-13 14:30:00+00:00,1083.9,39.1,Time (2:30PM),-8.430913348946138,-2160.000000000001,1.0535148237926704,5.3864168618266905,-13.348946135831389
2025-11-19,ADANIGREEN,1100,PE,ADANIGREEN 1100 PE 25 NOV 25,2025-11-19 09:30:00+00:00,1074.0,38.15,2025-11-19 14:30:00+00:00,1070.4,40.0,Time (2:30PM),4.849279161205771,1110.000000000001,-0.3351955307262485,42.595019659239846,-7.863695937090433
2025-11-20,ADANIGREEN,1100,CE,ADANIGREEN 1100 CE 25 NOV 25,2025-11-20 09:30:00+00:00,1082.0,14.0,2025-11-20 14:30:00+00:00,1067.8,8.85,Time (2:30PM),-36.78571428571429,-3090.0,-1.312384473197786,1.4285714285714235,-37.85714285714286
2025-11-03,ADANIPORTS,1500,PE,ADANIPORTS 1500 PE 25 NOV 25,2025-11-03 09:36:00+00:00,1438.8,69.0,2025-11-03 14:30:00+00:00,1450.8,62.45,Time (2:30PM),-9.492753623188403,-3111.2499999999986,0.8340283569641368,2.8260869565217432,-11.666666666666663
2025-11-14,ADANIPORTS,1500,CE,ADANIPORTS 1500 CE 25 NOV 25,2025-11-14 09:30:00+00:00,1508.3,33.05,2025-11-14 14:30:00+00:00,1504.0,29.0,Time (2:30PM),-12.254160363086225,-1923.7499999999986,-0.2850891732413946,27.0801815431165,-15.279878971255666
2025-11-19,ADANIPORTS,1500,PE,ADANIPORTS 1500 PE 25 NOV 25,2025-11-19 09:30:00+00:00,1490.3,21.35,2025-11-19 14:30:00+00:00,1483.9,24.1,Time (2:30PM),12.88056206088993,1306.25,-0.4294437361604954,33.72365339578454,-13.11475409836066
2025-11-21,ADANIPORTS,1500,PE,ADANIPORTS 1500 PE 25 NOV 25,2025-11-21 09:30:00+00:00,1481.6,26.35,2025-11-21 14:30:00+00:00,1482.7,22.75,Time (2:30PM),-13.662239089184066,-1710.0000000000007,0.0742440604751712,34.53510436432638,-15.939278937381415
2025-11-25,ADANIPORTS,1500,PE,ADANIPORTS 1500 PE 25 NOV 25,2025-11-25 09:33:00+00:00,1479.0,22.25,2025-11-25 14:16:00+00:00,1485.5,13.0,Stop (-40%),-41.57303370786517,-4393.75,0.4394861392832995,9.438202247191017,-41.57303370786517
2025-11-26,ADANIPORTS,1500,CE,ADANIPORTS 1500 CE 27 JAN 26,2025-11-26 12:03:00+00:00,1517.5,73.6,2025-11-26 14:30:00+00:00,1519.9,77.25,Time (2:30PM),4.959239130434791,1733.7500000000027,0.15815485996705708,4.959239130434791,0.0
2025-11-07,ALKEM,5600,PE,ALKEM 5600 PE 25 NOV 25,2025-11-07 09:34:00+00:00,5583.0,146.0,2025-11-07 14:30:00+00:00,5669.0,100.0,Time (2:30PM),-31.506849315068493,-5750.0,1.5403904710729,2.3972602739726026,-31.506849315068493
2025-11-11,ALKEM,5700,PE,ALKEM 5700 PE 25 NOV 25,2025-11-11 09:42:00+00:00,5661.0,170.9,2025-11-11 14:30:00+00:00,5688.5,145.05,Time (2:30PM),-15.125804564072553,-3231.249999999999,0.4857798975446035,0.5266237565828003,-15.155061439438272
2025-11-14,ALKEM,5800,PE,ALKEM 5800 PE 25 NOV 25,2025-11-14 09:30:00+00:00,5724.5,132.3,2025-11-14 10:21:00+00:00,5625.0,202.9,Target (50%),53.363567649281926,8825.0,-1.7381430692636912,53.363567649281926,-10.052910052910061
2025-11-19,ALKEM,5700,PE,ALKEM 5700 PE 25 NOV 25,2025-11-19 09:30:00+00:00,5677.5,76.2,2025-11-19 13:27:00+00:00,5731.0,43.85,Stop (-40%),-42.45406824146982,-4043.75,0.9423161602818142,8.267716535433067,-42.45406824146982
2025-11-24,ALKEM,5700,PE,ALKEM 5700 PE 25 NOV 25,2025-11-24 09:35:00+00:00,5665.5,70.65,2025-11-24 14:30:00+00:00,5647.0,75.6,Time (2:30PM),7.006369426751576,618.7499999999986,-0.3265378166093019,20.311394196744505,-36.65958952583157
2025-11-26,ALKEM,5600,CE,ALKEM 5600 CE 30 DEC 25,2025-11-26 10:45:00+00:00,5679.0,242.55,2025-11-26 14:30:00+00:00,5707.5,240.0,Time (2:30PM),-1.0513296227581987,-318.7500000000014,0.5018489170628632,2.576788291074005,-5.813234384662965
2025-11-06,AMBUJACEM,600,PE,AMBUJACEM 600 PE 25 NOV 25,2025-11-06 09:40:00+00:00,563.1,35.9,2025-11-06 14:30:00+00:00,560.75,40.0,Time (2:30PM),11.420612813370477,4305.000000000002,-0.4173326229799365,11.420612813370477,-2.924791086350967
2025-11-07,AMBUJACEM,600,PE,AMBUJACEM 600 PE 25 NOV 25,2025-11-07 09:50:00+00:00,553.85,45.35,2025-11-07 14:30:00+00:00,561.1,37.9,Time (2:30PM),-16.427783902976852,-7822.500000000003,1.3090186873702265,2.094818081587642,-17.861080485115767
2025-11-18,AMBUJACEM,600,PE,AMBUJACEM 600 PE 25 NOV 25,2025-11-18 09:54:00+00:00,560.75,41.45,2025-11-18 14:30:00+00:00,560.85,39.95,Time (2:30PM),-3.61881785283474,-1575.0,0.01783325902809144,3.7394451145958914,-3.86007237635706
2025-11-07,APLAPOLLO,1800,CE,APLAPOLLO 1800 CE 25 NOV 25,2025-11-07 09:30:00+00:00,1791.3,35.5,2025-11-07 14:30:00+00:00,1804.8,40.0,Time (2:30PM),12.676056338028168,1575.0,0.7536426059286552,15.492957746478872,-15.492957746478872
2025-11-10,APLAPOLLO,1800,PE,APLAPOLLO 1800 PE 25 NOV 25,2025-11-10 09:32:00+00:00,1790.1,35.4,2025-11-10 14:30:00+00:00,1805.5,29.7,Time (2:30PM),-16.101694915254235,-1994.9999999999998,0.8602871347969437,5.649717514124294,-19.491525423728813
2025-11-12,APLAPOLLO,1800,PE,APLAPOLLO 1800 PE 25 NOV 25,2025-11-12 09:31:00+00:00,1796.0,29.05,2025-11-12 14:30:00+00:00,1795.1,28.5,Time (2:30PM),-1.8932874354561127,-192.50000000000026,-0.05011135857461531,23.58003442340791,-3.614457831325304
2025-11-14,APLAPOLLO,1800,PE,APLAPOLLO 1800 PE 25 NOV 25,2025-11-14 09:33:00+00:00,1758.1,52.45,2025-11-14 14:30:00+00:00,1771.9,40.9,Time (2:30PM),-22.02097235462346,-4042.5000000000014,0.7849382856492908,24.308865586272642,-22.02097235462346
2025-11-17,APLAPOLLO,1800,CE,APLAPOLLO 1800 CE 25 NOV 25,2025-11-17 09:30:00+00:00,1782.3,19.0,2025-11-17 14:30:00+00:00,1778.0,16.95,Time (2:30PM),-10.789473684210531,-717.5000000000002,-0.24126129158951662,12.368421052631588,-26.052631578947366
2025-11-20,APLAPOLLO,1700,CE,APLAPOLLO 1700 CE 25 NOV 25,2025-11-20 09:30:00+00:00,1744.5,47.5,2025-11-20 13:03:00+00:00,1718.4,28.0,Stop (-40%),-41.05263157894737,-6825.0,-1.4961306964746295,5.263157894736842,-41.05263157894737
2025-11-21,APLAPOLLO,1700,PE,APLAPOLLO 1700 PE 25 NOV 25,2025-11-21 09:33:00+00:00,1715.0,8.55,2025-11-21 12:07:00+00:00,1711.1,4.65,Stop (-40%),-45.6140350877193,-1365.0000000000002,-0.22740524781341637,22.80701754385964,-45.6140350877193
2025-11-24,APLAPOLLO,1700,PE,APLAPOLLO 1700 PE 25 NOV 25,2025-11-24 09:32:00+00:00,1719.2,2.0,2025-11-24 09:36:00+00:00,1713.0,3.15,Target (50%),57.49999999999999,402.49999999999994,-0.36063285248953264,57.49999999999999,0.0
2025-11-10,APOLLOHOSP,7600,PE,APOLLOHOSP 7600 PE 25 NOV 25,2025-11-10 09:30:00+00:00,7540.0,134.0,2025-11-10 14:30:00+00:00,7562.0,116.9,Time (2:30PM),-12.761194029850742,-2137.499999999999,0.2917771883289125,5.820895522388068,-26.194029850746265
2025-11-12,APOLLOHOSP,7500,PE,APOLLOHOSP 7500 PE 25 NOV 25,2025-11-12 09:30:00+00:00,7473.0,110.95,2025-11-12 14:30:00+00:00,7495.5,90.5,Time (2:30PM),-18.431726002703922,-2556.2500000000005,0.3010839020473705,2.884182063992792,-26.31816133393421
2025-11-19,APOLLOHOSP,7400,PE,APOLLOHOSP 7400 PE 25 NOV 25,2025-11-19 09:30:00+00:00,7353.5,98.85,2025-11-19 11:48:00+00:00,7418.5,59.2,Stop (-40%),-40.11127971674253,-4956.249999999999,0.883932821105596,14.314618108244822,-40.11127971674253
2025-11-25,APOLLOHOSP,7400,PE,APOLLOHOSP 7400 PE 25 NOV 25,2025-11-25 09:45:00+00:00,7363.5,50.0,2025-11-25 10:11:00+00:00,7379.5,30.0,Stop (-40%),-40.0,-2500.0,0.217287974468663,9.5,-40.0
2025-11-07,ASHOKLEY,114,PE,ASHOKLEY 114 PE 25 NOV 25,2025-11-07 11:05:00+00:00,139.16,0.09,2025-11-07 14:30:00+00:00,141.34,0.06,Time (2:30PM),-33.33333333333333,-150.0,1.5665421098016723,0.0,-33.33333333333333
2025-11-10,ASHOKLEY,114,PE,ASHOKLEY 114 PE 25 NOV 25,2025-11-10 10:05:00+00:00,141.0,0.04,2025-11-10 14:30:00+00:00,142.27,0.03,Time (2:30PM),-25.000000000000007,-50.00000000000001,0.9007092198581633,0.0,-25.000000000000007
2025-11-12,ASHOKLEY,114,PE,ASHOKLEY 114 PE 25 NOV 25,2025-11-12 14:16:00+00:00,144.64,0.03,2025-11-12 14:30:00+00:00,145.48,0.03,Time (2:30PM),0.0,0.0,0.5807522123893829,0.0,0.0
2025-11-18,ASHOKLEY,114,PE,ASHOKLEY 114 PE 25 NOV 25,2025-11-18 09:45:00+00:00,147.77,0.03,2025-11-18 14:30:00+00:00,148.3,0.02,Time (2:30PM),-33.33333333333333,-49.99999999999999,0.35866549367260003,0.0,-33.33333333333333
2025-11-21,ASHOKLEY,114,PE,ASHOKLEY 114 PE 25 NOV 25,2025-11-21 14:19:00+00:00,145.29,0.01,2025-11-21 14:30:00+00:00,144.8,0.01,Time (2:30PM),0.0,0.0,-0.33725652143986556,0.0,0.0
2025-11-06,ASIANPAINT,2600,CE,ASIANPAINT 2600 CE 25 NOV 25,2025-11-06 09:30:00+00:00,2583.9,53.15,2025-11-06 14:30:00+00:00,2603.0,57.35,Time (2:30PM),7.902163687676393,1050.0000000000007,0.7391926932156782,42.803386641580445,0.0
2025-11-10,ASIANPAINT,2600,CE,ASIANPAINT 2600 CE 25 NOV 25,2025-11-10 09:30:00+00:00,2654.0,85.05,2025-11-10 14:30:00+00:00,2651.7,80.0,Time (2:30PM),-5.93768371546149,-1262.4999999999993,-0.0866616428033226,11.463844797178131,-10.817166372721932
2025-11-14,ASIANPAINT,2900,CE,ASIANPAINT 2900 CE 25 NOV 25,2025-11-14 09:30:00+00:00,2891.6,35.85,2025-11-14 14:30:00+00:00,2900.6,35.9,Time (2:30PM),0.13947001394699346,12.49999999999929,0.3112463687923641,19.107391910739192,-8.786610878661083
2025-11-25,ASIANPAINT,2900,PE,ASIANPAINT 2900 PE 25 NOV 25,2025-11-25 09:35:00+00:00,2881.9,30.0,2025-11-25 09:53:00+00:00,2888.6,16.0,Stop (-40%),-46.666666666666664,-3500.0,0.23248551302959222,0.0,-46.666666666666664
2025-11-27,ASIANPAINT,2900,CE,ASIANPAINT 2900 CE 30 DEC 25,2025-11-27 09:30:00+00:00,2895.4,62.9,2025-11-27 14:30:00+00:00,2876.4,54.8,Time (2:30PM),-12.877583465818763,-2025.0000000000005,-0.6562133038612972,19.236883942766298,-17.885532591414947
2025-11-03,AUBANK,900,CE,AUBANK 900 CE 25 NOV 25,2025-11-03 09:30:00+00:00,881.8,14.45,2025-11-03 14:30:00+00:00,869.95,10.0,Time (2:30PM),-30.795847750865047,-4449.999999999999,-1.3438421410750634,10.034602076124575,-32.871972318339104
2025-11-07,AUBANK,900,PE,AUBANK 900 PE 25 NOV 25,2025-11-07 09:31:00+00:00,870.85,34.0,2025-11-07 12:18:00+00:00,895.9,19.8,Stop (-40%),-41.764705882352935,-14200.0,2.87649997129241,2.794117647058832,-41.764705882352935
2025-11-10,AUBANK,900,CE,AUBANK 900 CE 25 NOV 25,2025-11-10 09:31:00+00:00,916.95,29.0,2025-11-10 14:30:00+00:00,921.5,33.4,Time (2:30PM),15.172413793103443,4399.999999999998,0.4962102622825622,15.172413793103443,-5.689655172413788
2025-11-11,AUBANK,900,PE,AUBANK 900 PE 25 NOV 25,2025-11-11 09:30:00+00:00,909.1,13.85,2025-11-11 11:38:00+00:00,891.55,20.95,Target (50%),51.26353790613718,7100.0,-1.9304806951930555,51.26353790613718,-2.1660649819494506
2025-11-12,AUBANK,900,PE,AUBANK 900 PE 25 NOV 25,2025-11-12 09:30:00+00:00,887.75,21.15,2025-11-12 14:30:00+00:00,883.45,22.65,Time (2:30PM),7.092198581560284,1500.0,-0.48437059983102837,22.458628841607567,-3.546099290780142
2025-11-13,AUBANK,900,CE,AUBANK 900 CE 25 NOV 25,2025-11-13 09:30:00+00:00,887.1,11.9,2025-11-13 14:30:00+00:00,887.5,10.7,Time (2:30PM),-10.084033613445387,-1200.0000000000011,0.04509074512456062,10.92436974789915,-20.588235294117656
2025-11-17,AUBANK,900,CE,AUBANK 900 CE 25 NOV 25,2025-11-17 09:30:00+00:00,906.0,17.65,2025-11-17 11:11:00+00:00,917.0,26.8,Target (50%),51.841359773371124,9150.000000000002,1.2141280353200883,51.841359773371124,-0.2832861189801539
2025-11-18,AUBANK,900,CE,AUBANK 900 CE 25 NOV 25,2025-11-18 09:30:00+00:00,919.75,26.4,2025-11-18 14:30:00+00:00,922.7,27.0,Time (2:30PM),2.2727272727272783,600.0000000000014,0.320739331340043,21.212121212121218,-12.68939393939393
2025-11-19,AUBANK,900,PE,AUBANK 900 PE 25 NOV 25,2025-11-19 09:30:00+00:00,913.9,6.2,2025-11-19 11:41:00+00:00,924.3,3.5,Stop (-40%),-43.54838709677419,-2700.0,1.137980085348504,1.6129032258064457,-43.54838709677419
2025-11-21,AUBANK,900,CE,AUBANK 900 CE 25 NOV 25,2025-11-21 09:33:00+00:00,924.1,24.6,2025-11-21 10:26:00+00:00,915.15,14.45,Stop (-40%),-41.26016260162602,-10150.000000000002,-0.9685099015258137,0.0,-41.26016260162602
2025-11-25,AUBANK,900,CE,AUBANK 900 CE 25 NOV 25,2025-11-25 09:40:00+00:00,930.9,29.3,2025-11-25 14:30:00+00:00,942.0,38.95,Time (2:30PM),32.935153583617755,9650.000000000002,1.1923944569771214,39.24914675767916,-2.730375426621163
2025-11-06,AUROPHARMA,1200,PE,AUROPHARMA 1200 PE 25 NOV 25,2025-11-06 09:30:00+00:00,1138.2,65.6,2025-11-06 14:30:00+00:00,1143.0,63.6,Time (2:30PM),-3.0487804878048674,-1099.9999999999961,0.4217185028993107,22.256097560975626,-8.15548780487804
2025-11-10,AUROPHARMA,1100,CE,AUROPHARMA 1100 CE 25 NOV 25,2025-11-10 09:35:00+00:00,1132.8,47.3,2025-11-10 14:30:00+00:00,1151.3,65.45,Time (2:30PM),38.37209302325583,9982.500000000004,1.6331214689265536,38.37209302325583,0.0
2025-11-20,AUROPHARMA,1200,PE,AUROPHARMA 1200 PE 25 NOV 25,2025-11-20 09:30:00+00:00,1228.5,4.15,2025-11-20 09:39:00+00:00,1217.3,6.45,Target (50%),55.421686746987945,1265.0,-0.9116809116809155,55.421686746987945,0.0
2025-11-21,AUROPHARMA,1200,PE,AUROPHARMA 1200 PE 25 NOV 25,2025-11-21 09:30:00+00:00,1200.9,10.35,2025-11-21 12:07:00+00:00,1210.0,6.2,Stop (-40%),-40.09661835748792,-2282.4999999999995,0.7577650095761436,1.9323671497584645,-40.09661835748792
2025-11-25,AUROPHARMA,1200,CE,AUROPHARMA 1200 CE 25 NOV 25,2025-11-25 09:30:00+00:00,1203.9,5.95,2025-11-25 09:53:00+00:00,1208.7,9.0,Target (50%),51.26050420168067,1677.5,0.3987042113132282,51.26050420168067,0.0
2025-11-06,AXISBANK,1200,CE,AXISBANK 1200 CE 25 NOV 25,2025-11-06 09:30:00+00:00,1233.2,46.2,2025-11-06 14:30:00+00:00,1231.1,43.5,Time (2:30PM),-5.84415584415585,-1687.5000000000018,-0.17028867985729293,3.2467532467532463,-9.95670995670996
2025-11-07,AXISBANK,1200,PE,AXISBANK 1200 PE 25 NOV 25,2025-11-07 09:30:00+00:00,1218.4,10.55,2025-11-07 14:30:00+00:00,1226.1,7.65,Time (2:30PM),-27.488151658767773,-1812.5000000000002,0.6319763624425326,1.8957345971563913,-30.331753554502377
2025-11-14,AXISBANK,1200,CE,AXISBANK 1200 CE 25 NOV 25,2025-11-14 09:31:00+00:00,1232.4,41.2,2025-11-14 14:30:00+00:00,1238.3,42.35,Time (2:30PM),2.7912621359223264,718.7499999999991,0.4787406686140752,14.077669902912612,-8.98058252427185
2025-11-17,AXISBANK,1200,CE,AXISBANK 1200 CE 25 NOV 25,2025-11-17 09:30:00+00:00,1250.6,53.6,2025-11-17 14:30:00+00:00,1249.4,52.85,Time (2:30PM),-1.3992537313432836,-468.75,-0.09595394210777372,16.51119402985075,-7.182835820895525
2025-11-18,AXISBANK,1200,CE,AXISBANK 1200 CE 25 NOV 25,2025-11-18 09:33:00+00:00,1256.5,59.8,2025-11-18 14:30:00+00:00,1265.1,65.2,Time (2:30PM),9.03010033444817,3375.0000000000036,0.6844409072821257,22.07357859531773,-7.357859531772573
2025-11-20,AXISBANK,1300,CE,AXISBANK 1300 CE 25 NOV 25,2025-11-20 09:30:00+00:00,1281.6,4.6,2025-11-20 09:51:00+00:00,1271.2,2.3,Stop (-40%),-50.0,-1437.5,-0.8114856429463067,0.0,-50.0
2025-11-21,AXISBANK,1300,PE,AXISBANK 1300 PE 25 NOV 25,2025-11-21 09:30:00+00:00,1276.9,27.5,2025-11-21 14:30:00+00:00,1278.6,25.4,Time (2:30PM),-7.636363636363641,-1312.500000000001,0.13313493617353103,0.1818181818181844,-20.181818181818183
2025-11-04,BAJAJ-AUTO,8900,PE,BAJAJ-AUTO 8900 PE 25 NOV 25,2025-11-04 09:30:00+00:00,8837.0,225.95,2025-11-04 14:30:00+00:00,8736.0,290.65,Time (2:30PM),28.634653684443457,4852.499999999999,-1.1429218060427748,34.60942686435052,0.0
2025-11-07,BAJAJ-AUTO,8700,PE,BAJAJ-AUTO 8700 PE 25 NOV 25,2025-11-07 09:30:00+00:00,8626.5,213.85,2025-11-07 14:30:00+00:00,8732.5,163.0,Time (2:30PM),-23.7783493102642,-3813.7499999999995,1.228771807801542,8.46387654898293,-28.922141688099135
2025-11-10,BAJAJ-AUTO,8800,PE,BAJAJ-AUTO 8800 PE 25 NOV 25,2025-11-10 09:30:00+00:00,8695.5,205.1,2025-11-10 14:30:00+00:00,8785.0,147.15,Time (2:30PM),-28.254509995124327,-4346.249999999999,1.0292680121902134,0.0,-32.93515358361774
2025-11-12,BAJAJ-AUTO,8900,PE,BAJAJ-AUTO 8900 PE 25 NOV 25,2025-11-12 09:30:00+00:00,8855.0,155.0,2025-11-12 14:30:00+00:00,8855.0,160.0,Time (2:30PM),3.225806451612903,375.0,0.0,22.06451612903225,-11.129032258064516
2025-11-14,BAJAJ-AUTO,8900,PE,BAJAJ-AUTO 8900 PE 25 NOV 25,2025-11-14 09:30:00+00:00,8804.0,183.45,2025-11-14 14:30:00+00:00,8802.0,188.55,Time (2:30PM),2.780049059689301,382.5000000000017,-0.022716946842344387,9.185064050149917,-14.608885254837823
2025-11-17,BAJAJ-AUTO,8800,CE,BAJAJ-AUTO 8800 CE 25 NOV 25,2025-11-17 09:30:00+00:00,8970.0,227.6,2025-11-17 14:30:00+00:00,8974.0,238.0,Time (2:30PM),4.569420035149387,780.0000000000005,0.044593088071348944,27.65817223198595,-4.876977152899822
2025-11-03,BAJFINANCE,1000,PE,BAJFINANCE 1000 PE 25 NOV 25,2025-11-03 09:30:00+00:00,1031.5,12.6,2025-11-03 14:30:00+00:00,1046.7,9.75,Time (2:30PM),-22.619047619047617,-2137.4999999999995,1.47358216190015,1.984126984126984,-30.555555555555554
2025-11-06,BAJFINANCE,1000,CE,BAJFINANCE 1000 CE 25 NOV 25,2025-11-06 09:31:00+00:00,1045.3,60.0,2025-11-06 14:30:00+00:00,1043.8,57.55,Time (2:30PM),-4.083333333333338,-1837.500000000002,-0.14349947383526263,6.333333333333329,-8.58333333333333
2025-11-11,BAJFINANCE,1000,PE,BAJFINANCE 1000 PE 25 NOV 25,2025-11-11 09:30:00+00:00,1011.5,14.25,2025-11-11 14:30:00+00:00,1004.4,15.95,Time (2:30PM),11.929824561403505,1274.9999999999995,-0.7019278299555138,41.403508771929815,-4.5614035087719325
2025-11-17,BAJFINANCE,1000,CE,BAJFINANCE 1000 CE 25 NOV 25,2025-11-17 09:30:00+00:00,1027.2,34.75,2025-11-17 14:30:00+00:00,1028.3,35.1,Time (2:30PM),1.0071942446043207,262.5000000000011,0.10708722741432136,11.223021582733809,-10.79136690647482
2025-11-26,BHARTIARTL,2100,CE,BHARTIARTL 2100 CE 27 JAN 26,2025-11-26 10:31:00+00:00,2115.1,88.0,2025-11-26 14:30:00+00:00,2130.5,92.0,Time (2:30PM),4.545454545454546,1900.0,0.7280979622712918,4.545454545454546,0.0
2025-11-07,CANBK,112,PE,CANBK 112 PE 30 DEC 25,2025-11-07 14:23:00+00:00,136.75,0.21,2025-11-07 14:30:00+00:00,137.14,0.21,Time (2:30PM),0.0,0.0,0.2851919561243045,0.0,0.0
2025-11-24,CANBK,112,CE,CANBK 112 CE 30 DEC 25,2025-11-24 10:04:00+00:00,147.05,36.0,2025-11-24 14:30:00+00:00,147.4,36.3,Time (2:30PM),0.8333333333333255,2024.999999999981,0.23801428085684753,0.8333333333333255,0.0
2025-11-13,COFORGE,1800,PE,COFORGE 1800 PE 27 JAN 26,2025-11-13 15:29:00+00:00,1802.7,90.0,2025-11-13 15:29:00+00:00,1802.7,90.0,Time Stop,0.0,0.0,0.0,0.0,0.0
2025-11-14,COFORGE,1800,PE,COFORGE 1800 PE 27 JAN 26,2025-11-14 10:29:00+00:00,1791.3,105.0,2025-11-14 14:30:00+00:00,1772.5,105.0,Time (2:30PM),0.0,0.0,-1.0495171104784211,0.0,0.0
2025-11-20,COFORGE,1900,PE,COFORGE 1900 PE 30 DEC 25,2025-11-20 09:31:00+00:00,1847.5,96.9,2025-11-20 14:30:00+00:00,1858.4,80.6,Time (2:30PM),-16.821465428276586,-6112.500000000005,0.5899864682002756,0.0,-20.949432404540776
2025-11-24,COFORGE,1800,CE,COFORGE 1800 CE 27 JAN 26,2025-11-24 10:38:00+00:00,1830.0,115.0,2025-11-24 14:30:00+00:00,1814.7,115.0,Time (2:30PM),0.0,0.0,-0.8360655737704894,0.0,0.0
2025-11-03,COLPAL,2180,PE,COLPAL 2180 PE 30 DEC 25,2025-11-03 10:38:00+00:00,2209.9,41.35,2025-11-03 14:30:00+00:00,2193.0,52.95,Time (2:30PM),28.053204353083437,2610.0000000000005,-0.7647404859948455,28.053204353083437,0.0
2025-11-04,COLPAL,2180,PE,COLPAL 2180 PE 30 DEC 25,2025-11-04 11:38:00+00:00,2193.4,53.8,2025-11-04 14:30:00+00:00,2189.8,53.8,Time (2:30PM),0.0,0.0,-0.16412874988601756,0.0,0.0
2025-11-07,COLPAL,2180,PE,COLPAL 2180 PE 30 DEC 25,2025-11-07 15:29:00+00:00,2167.2,58.0,2025-11-07 15:29:00+00:00,2167.2,58.0,Time Stop,0.0,0.0,0.0,0.0,0.0
2025-11-17,COLPAL,2180,CE,COLPAL 2180 CE 30 DEC 25,2025-11-17 10:53:00+00:00,2187.5,65.3,2025-11-17 14:30:00+00:00,2185.1,63.75,Time (2:30PM),-2.3736600306278675,-348.7499999999994,-0.10971428571428987,0.0,-5.436447166921895
2025-11-24,COLPAL,2180,CE,COLPAL 2180 CE 30 DEC 25,2025-11-24 09:31:00+00:00,2198.2,66.45,2025-11-24 14:30:00+00:00,2164.8,46.6,Time (2:30PM),-29.87208427389014,-4466.25,-1.5194249840778655,0.0,-30.398796087283674
2025-11-19,GODREJPROP,2100,PE,GODREJPROP 2100 PE 30 DEC 25,2025-11-19 09:34:00+00:00,2129.9,61.0,2025-11-19 14:30:00+00:00,2129.0,60.45,Time (2:30PM),-0.9016393442622904,-151.2499999999992,-0.04225550495328846,14.426229508196716,-10.819672131147543
2025-11-03,HINDPETRO,500,CE,HINDPETRO 500 CE 30 DEC 25,2025-11-03 09:44:00+00:00,485.9,15.0,2025-11-03 14:30:00+00:00,484.05,14.15,Time (2:30PM),-5.666666666666664,-1721.2499999999993,-0.38073677711462567,4.333333333333336,-10.666666666666664
2025-11-06,HINDPETRO,500,PE,HINDPETRO 500 PE 30 DEC 25,2025-11-06 09:51:00+00:00,480.6,30.0,2025-11-06 14:30:00+00:00,474.3,30.0,Time (2:30PM),0.0,0.0,-1.310861423220976,0.0,0.0
2025-11-10,HINDPETRO,500,CE,HINDPETRO 500 CE 30 DEC 25,2025-11-10 09:32:00+00:00,484.75,14.0,2025-11-10 14:30:00+00:00,482.25,13.5,Time (2:30PM),-3.571428571428571,-1012.5,-0.5157297576070139,1.7857142857142856,-3.571428571428571
2025-11-11,HINDPETRO,500,PE,HINDPETRO 500 PE 30 DEC 25,2025-11-11 15:29:00+00:00,472.8,24.0,2025-11-11 15:29:00+00:00,472.8,24.0,Time Stop,0.0,0.0,0.0,0.0,0.0
2025-11-14,HINDPETRO,500,CE,HINDPETRO 500 CE 30 DEC 25,2025-11-14 09:41:00+00:00,486.55,14.65,2025-11-14 14:30:00+00:00,479.4,11.65,Time (2:30PM),-20.477815699658702,-6075.0,-1.469530366868777,0.34129692832763775,-20.477815699658702
2025-11-17,HINDPETRO,500,CE,HINDPETRO 500 CE 30 DEC 25,2025-11-17 09:43:00+00:00,486.9,14.1,2025-11-17 14:30:00+00:00,486.35,13.15,Time (2:30PM),-6.737588652482264,-1923.7499999999986,-0.11295953994659161,12.05673758865249,-7.092198581560284
2025-11-25,HINDPETRO,500,PE,HINDPETRO 500 PE 30 DEC 25,2025-11-25 11:21:00+00:00,457.25,40.5,2025-11-25 14:30:00+00:00,458.05,42.0,Time (2:30PM),3.7037037037037033,3037.5,0.17495899398578707,3.7037037037037033,0.0
2025-11-26,HINDPETRO,500,CE,HINDPETRO 500 CE 30 DEC 25,2025-11-26 09:30:00+00:00,462.0,2.9,2025-11-26 14:30:00+00:00,465.45,3.2,Time (2:30PM),10.344827586206906,607.5000000000006,0.7467532467532443,24.137931034482765,-6.896551724137923
2025-11-10,HINDUNILVR,2400,CE,HINDUNILVR 2400 CE 30 DEC 25,2025-11-10 10:34:00+00:00,2425.3,81.0,2025-11-10 14:30:00+00:00,2416.2,75.0,Time (2:30PM),-7.4074074074074066,-1800.0,-0.37521131406425445,0.0,-7.4074074074074066
2025-11-11,HINDUNILVR,2400,PE,HINDUNILVR 2400 PE 30 DEC 25,2025-11-11 09:34:00+00:00,2405.8,41.15,2025-11-11 14:30:00+00:00,2425.9,36.05,Time (2:30PM),-12.39368165249089,-1530.0000000000005,0.8354809211073202,4.495747266099639,-17.37545565006075
2025-11-12,HINDUNILVR,2400,PE,HINDUNILVR 2400 PE 30 DEC 25,2025-11-12 09:33:00+00:00,2418.4,37.8,2025-11-12 14:30:00+00:00,2426.4,33.95,Time (2:30PM),-10.185185185185171,-1154.9999999999982,0.33079722130334105,0.5291005291005366,-11.37566137566137
2025-11-19,HINDUNILVR,2400,CE,HINDUNILVR 2400 CE 30 DEC 25,2025-11-19 09:30:00+00:00,2426.4,57.6,2025-11-19 14:30:00+00:00,2447.6,73.3,Time (2:30PM),27.256944444444436,4709.999999999999,0.8737223870754953,27.34374999999999,-2.343750000000002
2025-11-28,HINDUNILVR,2400,CE,HINDUNILVR 2400 CE 30 DEC 25,2025-11-28 09:30:00+00:00,2463.5,76.15,2025-11-28 14:30:00+00:00,2463.7,74.55,Time (2:30PM),-2.1011162179908185,-480.00000000000256,0.008118530545963796,7.025607353906755,-8.076165462902175
2025-11-03,IDEA,6,PE,IDEA 6 PE 27 JAN 26,2025-11-03 10:37:00+00:00,8.99,0.12,2025-11-03 14:24:00+00:00,8.79,0.07,Stop (-40%),-41.66666666666666,-3573.749999999999,-2.2246941045606348,0.0,-41.66666666666666
2025-11-06,IDEA,6,PE,IDEA 6 PE 27 JAN 26,2025-11-06 13:47:00+00:00,9.31,0.07,2025-11-06 14:30:00+00:00,9.31,0.07,Time (2:30PM),0.0,0.0,0.0,0.0,0.0
2025-11-17,IDEA,6,PE,IDEA 6 PE 27 JAN 26,2025-11-17 10:51:00+00:00,10.94,0.04,2025-11-17 14:30:00+00:00,10.93,0.04,Time (2:30PM),0.0,0.0,-0.09140767824497063,0.0,0.0
2025-11-18,IDEA,6,PE,IDEA 6 PE 27 JAN 26,2025-11-18 10:33:00+00:00,10.86,0.03,2025-11-18 14:30:00+00:00,10.83,0.03,Time (2:30PM),0.0,0.0,-0.27624309392264607,0.0,0.0
2025-11-19,IDEA,6,PE,IDEA 6 PE 27 JAN 26,2025-11-19 09:34:00+00:00,10.64,0.03,2025-11-19 14:30:00+00:00,10.79,0.03,Time (2:30PM),0.0,0.0,1.409774436090212,0.0,0.0
2025-11-20,IDEA,6,PE,IDEA 6 PE 27 JAN 26,2025-11-20 09:46:00+00:00,10.65,0.03,2025-11-20 14:30:00+00:00,10.27,0.03,Time (2:30PM),0.0,0.0,-3.5680751173708996,0.0,0.0
2025-11-21,IDEA,7,CE,IDEA 7 CE 30 DEC 25,2025-11-21 10:52:00+00:00,10.26,3.24,2025-11-21 14:30:00+00:00,10.06,3.13,Time (2:30PM),-3.3950617283950715,-7862.250000000023,-1.949317738791416,1.8518518518518396,-3.3950617283950715
2025-11-24,IDEA,7,CE,IDEA 7 CE 30 DEC 25,2025-11-24 10:24:00+00:00,10.22,3.37,2025-11-24 14:30:00+00:00,10.01,3.08,Time (2:30PM),-8.605341246290802,-20727.750000000004,-2.0547945205479534,0.0,-8.605341246290802
2025-11-04,IDFCFIRSTB,85,PE,IDFCFIRSTB 85 PE 30 DEC 25,2025-11-04 10:04:00+00:00,81.4,4.93,2025-11-04 14:30:00+00:00,80.76,5.21,Time (2:30PM),5.679513184584184,2597.0000000000023,-0.786240786240787,6.490872210953352,0.0
2025-11-07,IDFCFIRSTB,85,PE,IDFCFIRSTB 85 PE 30 DEC 25,2025-11-07 15:00:00+00:00,78.86,4.49,2025-11-07 15:29:00+00:00,79.07,4.49,Time Stop,0.0,0.0,0.26629469946740264,0.0,0.0
2025-11-17,IDFCFIRSTB,87,CE,IDFCFIRSTB 87 CE 30 DEC 25,2025-11-17 09:45:00+00:00,81.53,1.33,2025-11-17 14:30:00+00:00,81.17,1.22,Time (2:30PM),-8.27067669172933,-1020.2500000000009,-0.44155525573408494,15.789473684210522,-9.022556390977451
2025-11-19,IDFCFIRSTB,85,PE,IDFCFIRSTB 85 PE 30 DEC 25,2025-11-19 09:32:00+00:00,79.49,6.16,2025-11-19 14:30:00+00:00,79.86,5.94,Time (2:30PM),-3.571428571428567,-2040.4999999999977,0.465467354384205,0.0,-9.090909090909099
2025-11-25,IDFCFIRSTB,87,CE,IDFCFIRSTB 87 CE 30 DEC 25,2025-11-25 09:32:00+00:00,78.36,0.31,2025-11-25 14:30:00+00:00,79.53,0.4,Time (2:30PM),29.032258064516135,834.7500000000002,1.4931087289433407,29.032258064516135,0.0
2025-11-26,IDFCFIRSTB,87,CE,IDFCFIRSTB 87 CE 30 DEC 25,2025-11-26 09:32:00+00:00,80.54,0.49,2025-11-26 14:30:00+00:00,80.51,0.45,Time (2:30PM),-8.163265306122446,-370.99999999999983,-0.037248572138069445,6.122448979591842,-14.285714285714288
2025-11-28,IDFCFIRSTB,85,PE,IDFCFIRSTB 85 PE 30 DEC 25,2025-11-28 09:35:00+00:00,80.28,4.65,2025-11-28 14:30:00+00:00,80.0,4.92,Time (2:30PM),5.806451612903216,2504.249999999996,-0.3487792725460901,8.602150537634397,0.0
2025-11-28,IREDA,120,PE,IREDA 120 PE 30 DEC 25,2025-11-28 09:36:00+00:00,142.72,0.32,2025-11-28 14:30:00+00:00,142.54,0.28,Time (2:30PM),-12.499999999999993,-137.99999999999994,-0.12612107623318863,9.374999999999991,-21.875000000000004
2025-11-18,ITC,400,PE,ITC 400 PE 27 JAN 26,2025-11-18 09:47:00+00:00,405.8,6.05,2025-11-18 14:30:00+00:00,406.3,5.5,Time (2:30PM),-9.090909090909088,-879.9999999999998,0.1232134056185313,2.4793388429752126,-9.090909090909088
2025-11-28,JINDALSTEL,1010,PE,JINDALSTEL 1010 PE 30 DEC 25,2025-11-28 09:30:00+00:00,1041.4,13.1,2025-11-28 14:30:00+00:00,1046.8,11.2,Time (2:30PM),-14.503816793893131,-1187.5000000000002,0.5185327443825488,3.0534351145038197,-24.427480916030532
2025-11-28,KOTAKBANK,2100,PE,KOTAKBANK 2100 PE 27 JAN 26,2025-11-28 09:30:00+00:00,2106.4,46.5,2025-11-28 14:30:00+00:00,2126.5,40.4,Time (2:30PM),-13.118279569892477,-2440.0000000000005,0.954234713254838,0.0,-15.3763440860215
2025-11-19,LAURUSLABS,1000,PE,LAURUSLABS 1000 PE 27 JAN 26,2025-11-19 11:13:00+00:00,985.4,50.0,2025-11-19 14:30:00+00:00,989.35,50.0,Time (2:30PM),0.0,0.0,0.4008524457073316,0.0,0.0
2025-11-27,LAURUSLABS,1000,CE,LAURUSLABS 1000 CE 27 JAN 26,2025-11-27 09:35:00+00:00,995.3,52.0,2025-11-27 14:30:00+00:00,1001.55,51.0,Time (2:30PM),-1.9230769230769231,-850.0,0.6279513714457953,13.461538461538462,-1.9230769230769231
2025-11-28,LAURUSLABS,1000,CE,LAURUSLABS 1000 CE 27 JAN 26,2025-11-28 09:35:00+00:00,1012.65,59.0,2025-11-28 14:30:00+00:00,1030.0,69.0,Time (2:30PM),16.94915254237288,8500.0,1.7133264207771712,18.47457627118645,0.0
2025-11-21,OIL,400,PE,OIL 400 PE 27 JAN 26,2025-11-21 10:22:00+00:00,428.8,8.0,2025-11-21 14:30:00+00:00,428.0,8.0,Time (2:30PM),0.0,0.0,-0.18656716417910713,0.0,0.0
2025-11-25,OIL,400,PE,OIL 400 PE 27 JAN 26,2025-11-25 10:48:00+00:00,415.6,8.1,2025-11-25 14:30:00+00:00,421.25,8.15,Time (2:30PM),0.6172839506172928,70.000000000001,1.3594802694898886,0.6172839506172928,0.0
2025-11-28,OIL,400,PE,OIL 400 PE 27 JAN 26,2025-11-28 10:33:00+00:00,414.45,9.5,2025-11-28 14:30:00+00:00,411.7,10.0,Time (2:30PM),5.263157894736842,700.0,-0.6635299794908915,5.263157894736842,0.0
2025-11-03,ONGC,274,CE,ONGC 274 CE 27 JAN 26,2025-11-03 14:25:00+00:00,256.7,4.35,2025-11-03 14:30:00+00:00,257.65,4.35,Time (2:30PM),0.0,0.0,0.3700818075574556,0.0,0.0
2025-11-10,ONGC,274,CE,ONGC 274 CE 27 JAN 26,2025-11-10 13:25:00+00:00,255.5,2.45,2025-11-10 14:30:00+00:00,253.05,2.45,Time (2:30PM),0.0,0.0,-0.9589041095890366,0.0,0.0
2025-11-12,ONGC,274,CE,ONGC 274 CE 27 JAN 26,2025-11-12 09:34:00+00:00,255.1,2.5,2025-11-12 14:30:00+00:00,253.4,2.8,Time (2:30PM),11.999999999999993,674.9999999999995,-0.6664053312426454,11.999999999999993,0.0
2025-11-03,PAGEIND,41000,PE,PAGEIND 41000 PE 30 DEC 25,2025-11-03 11:34:00+00:00,40870.0,2200.0,2025-11-03 14:30:00+00:00,40730.0,2200.0,Time (2:30PM),0.0,0.0,-0.342549547345241,0.0,0.0
2025-11-04,PAGEIND,41000,PE,PAGEIND 41000 PE 30 DEC 25,2025-11-04 13:26:00+00:00,40580.0,2338.0,2025-11-04 14:30:00+00:00,40550.0,2338.0,Time (2:30PM),0.0,0.0,-0.07392804337111877,0.0,0.0
2025-11-13,PAGEIND,41000,PE,PAGEIND 41000 PE 30 DEC 25,2025-11-13 10:36:00+00:00,40675.0,1598.75,2025-11-13 14:30:00+00:00,41200.0,1555.2,Time (2:30PM),-2.7240031274433125,-653.2499999999993,1.290719114935464,0.0,-2.7240031274433125
2025-11-17,PAGEIND,40000,CE,PAGEIND 40000 CE 30 DEC 25,2025-11-17 09:31:00+00:00,40215.0,1153.0,2025-11-17 14:30:00+00:00,39495.0,930.0,Time (2:30PM),-19.340849956634866,-3345.0,-1.7903767251025735,15.663486556808317,-19.340849956634866
2025-11-18,PAGEIND,40000,PE,PAGEIND 40000 PE 30 DEC 25,2025-11-18 10:00:00+00:00,39280.0,2029.15,2025-11-18 14:30:00+00:00,39185.0,1899.9,Time (2:30PM),-6.3696621738166215,-1938.75,-0.24185336048879835,13.821058078505768,-6.3696621738166215
2025-11-20,PAGEIND,39000,PE,PAGEIND 39000 PE 30 DEC 25,2025-11-20 09:30:00+00:00,38895.0,1500.0,2025-11-20 14:30:00+00:00,38695.0,1409.6,Time (2:30PM),-6.026666666666673,-1356.0000000000014,-0.5142049106568968,0.0,-11.666666666666666
2025-11-21,PAGEIND,39000,PE,PAGEIND 39000 PE 30 DEC 25,2025-11-21 09:31:00+00:00,38500.0,1579.0,2025-11-21 14:30:00+00:00,38850.0,1325.65,Time (2:30PM),-16.044965167827733,-3800.2499999999986,0.9090909090909091,0.0,-17.811906269791006
2025-11-25,PAGEIND,39000,PE,PAGEIND 39000 PE 30 DEC 25,2025-11-25 11:41:00+00:00,38520.0,1216.0,2025-11-25 14:30:00+00:00,38615.0,1220.0,Time (2:30PM),0.3289473684210526,60.0,0.2466251298026999,6.315789473684206,-2.2080592105263084
2025-11-27,PAGEIND,39000,PE,PAGEIND 39000 PE 30 DEC 25,2025-11-27 09:30:00+00:00,38800.0,1042.5,2025-11-27 14:30:00+00:00,38905.0,1128.4,Time (2:30PM),8.239808153477227,1288.5000000000014,0.2706185567010309,8.239808153477227,-8.330935251798563
2025-11-28,PAGEIND,39000,PE,PAGEIND 39000 PE 30 DEC 25,2025-11-28 09:46:00+00:00,38565.0,1181.9,2025-11-28 14:30:00+00:00,38370.0,1329.35,Time (2:30PM),12.47567476097807,2211.7499999999973,-0.5056398288603656,14.222861494204238,-6.168034520687036
2025-11-28,PFC,400,PE,PFC 400 PE 24 FEB 26,2025-11-28 15:04:00+00:00,361.95,33.9,2025-11-28 15:29:00+00:00,363.35,33.9,Time Stop,0.0,0.0,0.38679375604366184,0.0,0.0
2025-11-03,POLYCAB,7700,CE,POLYCAB 7700 CE 25 NOV 25,2025-11-03 09:30:00+00:00,7749.5,227.85,2025-11-03 14:30:00+00:00,7636.5,172.0,Time (2:30PM),-24.511740179942944,-6981.249999999999,-1.4581585908768309,5.288567039719118,-31.86306780776827
2025-11-07,POLYCAB,7600,PE,POLYCAB 7600 PE 25 NOV 25,2025-11-07 09:30:00+00:00,7473.0,229.1,2025-11-07 14:30:00+00:00,7558.5,177.15,Time (2:30PM),-22.675687472719332,-6493.749999999998,1.1441188277800078,4.757747708424271,-30.728939327804454
2025-11-13,POLYCAB,7700,CE,POLYCAB 7700 CE 25 NOV 25,2025-11-13 09:30:00+00:00,7714.0,146.65,2025-11-13 14:30:00+00:00,7755.5,165.9,Time (2:30PM),13.126491646778044,2406.25,0.5379828882551205,40.09546539379474,0.0
2025-11-21,POLYCAB,7600,PE,POLYCAB 7600 PE 25 NOV 25,2025-11-21 09:30:00+00:00,7580.5,84.9,2025-11-21 14:30:00+00:00,7554.5,94.6,Time (2:30PM),11.425206124852753,1212.4999999999986,-0.342985291207704,43.404004711425195,-7.067137809187278
2025-11-24,POLYCAB,7600,PE,POLYCAB 7600 PE 25 NOV 25,2025-11-24 09:33:00+00:00,7475.0,155.8,2025-11-24 14:30:00+00:00,7432.0,184.15,Time (2:30PM),18.196405648267003,3543.749999999999,-0.5752508361204014,18.196405648267003,-21.758664955070607
2025-11-25,POLYCAB,7400,CE,POLYCAB 7400 CE 25 NOV 25,2025-11-25 09:36:00+00:00,7472.5,65.0,2025-11-25 11:28:00+00:00,7494.0,103.0,Target (50%),58.46153846153847,4750.0,0.28772164603546335,58.46153846153847,0.0
2025-11-04,POWERGRID,300,PE,POWERGRID 300 PE 25 NOV 25,2025-11-04 09:30:00+00:00,278.9,24.1,2025-11-04 14:30:00+00:00,278.45,25.45,Time (2:30PM),5.601659751037335,2564.999999999996,-0.16134815346001743,5.601659751037335,-5.809128630705403
2025-11-06,POWERGRID,300,PE,POWERGRID 300 PE 25 NOV 25,2025-11-06 09:35:00+00:00,273.25,30.0,2025-11-06 14:30:00+00:00,270.85,32.85,Time (2:30PM),9.500000000000004,5415.000000000003,-0.8783165599267987,10.0,0.0
2025-11-11,POWERGRID,300,PE,POWERGRID 300 PE 25 NOV 25,2025-11-11 11:39:00+00:00,266.15,32.15,2025-11-11 14:30:00+00:00,267.35,32.15,Time (2:30PM),0.0,0.0,0.4508735675371202,0.0,0.0
2025-11-19,POWERGRID,300,PE,POWERGRID 300 PE 25 NOV 25,2025-11-19 10:30:00+00:00,273.0,26.75,2025-11-19 14:30:00+00:00,275.0,25.4,Time (2:30PM),-5.046728971962622,-2565.0000000000027,0.7326007326007326,0.0,-5.046728971962622
2025-11-20,POWERGRID,300,CE,POWERGRID 300 CE 25 NOV 25,2025-11-20 09:30:00+00:00,277.05,0.05,2025-11-20 09:41:00+00:00,277.3,0.1,Target (50%),100.0,95.0,0.09023641941887746,100.0,0.0
2025-11-21,POWERGRID,300,PE,POWERGRID 300 PE 25 NOV 25,2025-11-21 09:31:00+00:00,275.45,23.8,2025-11-21 14:30:00+00:00,278.0,22.3,Time (2:30PM),-6.302521008403361,-2850.0,0.9257578507896211,4.411764705882356,-8.613445378151264
2025-11-24,POWERGRID,300,PE,POWERGRID 300 PE 25 NOV 25,2025-11-24 09:36:00+00:00,275.45,24.85,2025-11-24 14:30:00+00:00,273.0,27.6,Time (2:30PM),11.066398390342052,5225.0,-0.8894536213468828,11.066398390342052,-3.420523138833004
2025-11-06,PRESTIGE,1800,PE,PRESTIGE 1800 PE 25 NOV 25,2025-11-06 10:18:00+00:00,1737.4,79.5,2025-11-06 14:30:00+00:00,1724.4,92.5,Time (2:30PM),16.352201257861633,5850.0,-0.7482445032807643,16.352201257861633,0.0
2025-11-07,PRESTIGE,1700,PE,PRESTIGE 1700 PE 25 NOV 25,2025-11-07 09:34:00+00:00,1716.2,43.5,2025-11-07 14:30:00+00:00,1739.5,29.25,Time (2:30PM),-32.758620689655174,-6412.5,1.3576506234704553,14.367816091954023,-32.758620689655174
2025-11-13,PRESTIGE,1700,CE,PRESTIGE 1700 CE 25 NOV 25,2025-11-13 09:30:00+00:00,1759.9,83.05,2025-11-13 14:30:00+00:00,1748.9,73.0,Time (2:30PM),-12.101143889223357,-4522.499999999999,-0.6250355133814421,7.224563515954245,-18.72366044551475
2025-11-18,PRESTIGE,1800,PE,PRESTIGE 1800 PE 25 NOV 25,2025-11-18 09:39:00+00:00,1726.6,80.2,2025-11-18 14:30:00+00:00,1734.5,73.9,Time (2:30PM),-7.855361596009971,-2834.9999999999986,0.457546623421759,0.0,-21.07231920199502
2025-11-20,PRESTIGE,1700,PE,PRESTIGE 1700 PE 25 NOV 25,2025-11-20 09:30:00+00:00,1709.6,17.1,2025-11-20 14:30:00+00:00,1716.5,13.05,Time (2:30PM),-23.68421052631579,-1822.5000000000002,0.4036031820308898,30.409356725146193,-28.654970760233926
2025-11-21,PRESTIGE,1700,PE,PRESTIGE 1700 PE 25 NOV 25,2025-11-21 09:30:00+00:00,1708.0,16.5,2025-11-21 11:12:00+00:00,1685.9,27.1,Target (50%),64.24242424242425,4770.000000000001,-1.2939110070257558,64.24242424242425,-13.030303030303033
2025-11-24,PRESTIGE,1700,PE,PRESTIGE 1700 PE 25 NOV 25,2025-11-24 09:39:00+00:00,1681.3,27.8,2025-11-24 12:25:00+00:00,1658.0,41.9,Target (50%),50.719424460431654,6344.999999999999,-1.385832391601734,50.719424460431654,-10.431654676259
2025-11-04,RBLBANK,300,PE,RBLBANK 300 PE 25 NOV 25,2025-11-04 09:51:00+00:00,326.35,1.35,2025-11-04 14:30:00+00:00,325.6,1.35,Time (2:30PM),0.0,0.0,-0.22981461620959093,18.51851851851852,-18.51851851851852
2025-11-07,RBLBANK,300,PE,RBLBANK 300 PE 25 NOV 25,2025-11-07 09:32:00+00:00,320.45,1.45,2025-11-07 14:30:00+00:00,328.2,0.95,Time (2:30PM),-34.48275862068966,-1587.5,2.418474020908098,3.448275862068969,-37.93103448275862
2025-11-11,RBLBANK,300,PE,RBLBANK 300 PE 25 NOV 25,2025-11-11 09:30:00+00:00,320.4,1.25,2025-11-11 14:30:00+00:00,318.85,1.2,Time (2:30PM),-4.0000000000000036,-158.75000000000014,-0.48377028714105946,36.0,-27.999999999999996
2025-11-12,RBLBANK,300,PE,RBLBANK 300 PE 25 NOV 25,2025-11-12 09:33:00+00:00,319.05,1.15,2025-11-12 14:30:00+00:00,320.1,1.05,Time (2:30PM),-8.695652173913032,-317.4999999999996,0.3291020216267078,8.695652173913052,-17.391304347826082
2025-11-14,RBLBANK,300,CE,RBLBANK 300 CE 25 NOV 25,2025-11-14 09:32:00+00:00,317.85,20.75,2025-11-14 14:30:00+00:00,318.6,20.3,Time (2:30PM),-2.168674698795177,-1428.7499999999977,0.23596035865974516,2.168674698795177,-11.807228915662646
2025-11-17,RBLBANK,300,PE,RBLBANK 300 PE 25 NOV 25,2025-11-17 09:31:00+00:00,319.25,1.0,2025-11-17 14:30:00+00:00,318.5,1.05,Time (2:30PM),5.000000000000004,158.75000000000014,-0.23492560689115116,25.0,-19.999999999999996
2025-11-18,RBLBANK,300,PE,RBLBANK 300 PE 25 NOV 25,2025-11-18 09:38:00+00:00,316.2,0.95,2025-11-18 14:30:00+00:00,315.55,1.0,Time (2:30PM),5.263157894736848,158.75000000000014,-0.20556609740669743,15.789473684210542,-15.789473684210517
2025-11-21,RBLBANK,300,CE,RBLBANK 300 CE 25 NOV 25,2025-11-21 09:34:00+00:00,314.35,14.9,2025-11-21 14:30:00+00:00,316.75,17.85,Time (2:30PM),19.79865771812081,9366.250000000004,0.763480197232377,24.16107382550335,-9.73154362416108
2025-11-24,RBLBANK,300,CE,RBLBANK 300 CE 25 NOV 25,2025-11-24 09:46:00+00:00,315.15,16.35,2025-11-24 14:30:00+00:00,310.45,11.1,Time (2:30PM),-32.11009174311927,-16668.750000000007,-1.4913533238140533,3.3639143730886674,-32.11009174311927
2025-11-11,RECLTD,400,PE,RECLTD 400 PE 25 NOV 25,2025-11-11 09:40:00+00:00,360.2,40.05,2025-11-11 14:30:00+00:00,361.45,37.45,Time (2:30PM),-6.491885143570523,-3314.9999999999927,0.34702942809550247,7.365792759051194,-6.491885143570523
2025-11-12,RECLTD,400,CE,RECLTD 400 CE 25 NOV 25,2025-11-12 09:30:00+00:00,366.05,0.9,2025-11-12 14:30:00+00:00,362.1,0.75,Time (2:30PM),-16.666666666666668,-191.25000000000003,-1.0790875563447586,5.555555555555548,-16.666666666666668
2025-11-14,RECLTD,400,CE,RECLTD 400 CE 25 NOV 25,2025-11-14 09:30:00+00:00,361.05,0.55,2025-11-14 14:30:00+00:00,357.45,0.45,Time (2:30PM),-18.181818181818183,-127.50000000000004,-0.9970918155380204,9.09090909090908,-18.181818181818183
2025-11-17,RECLTD,400,CE,RECLTD 400 CE 25 NOV 25,2025-11-17 09:30:00+00:00,363.05,0.55,2025-11-17 14:30:00+00:00,361.25,0.35,Time (2:30PM),-36.36363636363637,-255.00000000000009,-0.49579947665611107,0.0,-36.36363636363637
2025-11-18,RECLTD,400,PE,RECLTD 400 PE 25 NOV 25,2025-11-18 09:32:00+00:00,359.85,39.45,2025-11-18 14:30:00+00:00,359.8,39.45,Time (2:30PM),0.0,0.0,-0.01389467833819963,4.309252217997455,0.0
2025-11-10,SAIL,110,CE,SAIL 110 CE 25 NOV 25,2025-11-10 09:30:00+00:00,143.5,34.0,2025-11-10 14:30:00+00:00,144.66,36.05,Time (2:30PM),6.029411764705874,9634.999999999987,0.8083623693379767,6.029411764705874,-4.794117647058831
2025-11-11,SBICARD,900,PE,SBICARD 900 PE 25 NOV 25,2025-11-11 09:30:00+00:00,866.45,35.25,2025-11-11 14:30:00+00:00,861.65,40.5,Time (2:30PM),14.893617021276595,4200.0,-0.5539846500086639,23.82978723404255,0.0
2025-11-14,SBICARD,900,CE,SBICARD 900 CE 25 NOV 25,2025-11-14 09:30:00+00:00,886.6,9.9,2025-11-14 13:09:00+00:00,872.7,5.85,Stop (-40%),-40.90909090909092,-3240.0000000000005,-1.5677870516580168,0.0,-40.90909090909092
2025-11-18,SBICARD,900,PE,SBICARD 900 PE 25 NOV 25,2025-11-18 09:36:00+00:00,881.75,22.7,2025-11-18 14:30:00+00:00,870.7,31.05,Time (2:30PM),36.784140969163005,6680.000000000001,-1.253189679614398,36.784140969163005,0.0
2025-11-19,SBICARD,900,PE,SBICARD 900 PE 25 NOV 25,2025-11-19 09:33:00+00:00,859.3,36.7,2025-11-19 14:30:00+00:00,861.75,36.35,Time (2:30PM),-0.9536784741144453,-280.00000000000114,0.2851157919236641,20.435967302452315,-0.9536784741144453
2025-11-20,SBICARD,900,CE,SBICARD 900 CE 25 NOV 25,2025-11-20 09:32:00+00:00,869.3,2.15,2025-11-20 14:30:00+00:00,877.05,2.45,Time (2:30PM),13.953488372093037,240.00000000000023,0.8915219141838262,25.581395348837223,-20.930232558139533
2025-11-24,SBICARD,900,CE,SBICARD 900 CE 25 NOV 25,2025-11-24 09:30:00+00:00,888.95,2.9,2025-11-24 09:47:00+00:00,894.8,4.65,Target (50%),60.34482758620692,1400.0000000000005,0.6580797570166949,60.34482758620692,0.0
2025-11-25,SBICARD,900,CE,SBICARD 900 CE 25 NOV 25,2025-11-25 09:30:00+00:00,883.4,0.55,2025-11-25 09:32:00+00:00,881.8,0.3,Stop (-40%),-45.45454545454546,-200.00000000000006,-0.18111840615802838,0.0,-45.45454545454546
2025-11-28,SBICARD,890,PE,SBICARD 890 PE 30 DEC 25,2025-11-28 11:50:00+00:00,875.05,24.15,2025-11-28 14:30:00+00:00,880.4,25.1,Time (2:30PM),3.9337474120082936,760.0000000000023,0.6113936346494512,3.9337474120082936,-1.449275362318832
2025-11-04,SBILIFE,2000,CE,SBILIFE 2000 CE 25 NOV 25,2025-11-04 09:30:00+00:00,1976.9,25.1,2025-11-04 14:30:00+00:00,1976.7,22.45,Time (2:30PM),-10.557768924302795,-993.7500000000008,-0.010116849613032802,37.05179282868525,-13.545816733067737
2025-11-07,SBILIFE,2000,CE,SBILIFE 2000 CE 25 NOV 25,2025-11-07 09:30:00+00:00,1972.7,22.25,2025-11-07 14:30:00+00:00,1997.1,27.9,Time (2:30PM),25.393258426966288,2118.7499999999995,1.2368834592183233,45.8426966292135,-11.011235955056177
2025-11-10,SBILIFE,2000,CE,SBILIFE 2000 CE 25 NOV 25,2025-11-10 09:30:00+00:00,2012.0,34.3,2025-11-10 14:30:00+00:00,1988.5,22.0,Time (2:30PM),-35.860058309037896,-4612.499999999999,-1.1679920477137178,8.892128279883394,-38.33819241982507
2025-11-11,SBILIFE,2000,PE,SBILIFE 2000 PE 25 NOV 25,2025-11-11 09:30:00+00:00,1984.7,33.9,2025-11-11 14:30:00+00:00,2000.6,25.0,Time (2:30PM),-26.253687315634217,-3337.4999999999995,0.8011286340504794,2.06489675516225,-26.253687315634217
2025-11-17,SBILIFE,2000,CE,SBILIFE 2000 CE 25 NOV 25,2025-11-17 09:30:00+00:00,2012.0,25.65,2025-11-17 14:30:00+00:00,1998.0,20.0,Time (2:30PM),-22.027290448343077,-2118.7499999999995,-0.6958250497017893,0.1949317738791451,-28.265107212475638
2025-11-24,SBILIFE,2000,PE,SBILIFE 2000 PE 25 NOV 25,2025-11-24 09:31:00+00:00,2015.4,4.75,2025-11-24 10:11:00+00:00,2013.4,2.85,Stop (-40%),-40.0,-712.5,-0.09923588369554431,15.789473684210526,-40.0
2025-11-25,SBILIFE,2000,CE,SBILIFE 2000 CE 25 NOV 25,2025-11-25 09:30:00+00:00,2005.3,8.65,2025-11-25 09:34:00+00:00,2009.5,14.2,Target (50%),64.16184971098264,2081.2499999999995,0.2094449708273099,64.16184971098264,0.0
2025-11-27,SBILIFE,2000,PE,SBILIFE 2000 PE 30 DEC 25,2025-11-27 09:42:00+00:00,2019.7,28.05,2025-11-27 14:30:00+00:00,2003.3,29.65,Time (2:30PM),5.704099821746873,599.9999999999992,-0.8120017824429415,13.547237076648845,-7.308377896613193
2025-11-04,SBIN,1000,PE,SBIN 1000 PE 25 NOV 25,2025-11-04 09:30:00+00:00,944.05,55.85,2025-11-04 14:30:00+00:00,958.0,42.5,Time (2:30PM),-23.903312444046556,-10012.500000000002,1.477675970552412,2.4171888988361707,-23.903312444046556
2025-11-07,SBIN,1000,PE,SBIN 1000 PE 25 NOV 25,2025-11-07 09:31:00+00:00,951.1,47.6,2025-11-07 14:30:00+00:00,960.95,40.55,Time (2:30PM),-14.810924369747907,-5287.500000000004,1.0356429397539715,13.655462184873949,-21.008403361344538
2025-11-14,SBIN,1000,CE,SBIN 1000 CE 25 NOV 25,2025-11-14 09:30:00+00:00,959.0,1.9,2025-11-14 14:30:00+00:00,962.3,2.0,Time (2:30PM),5.263157894736848,75.00000000000007,0.34410844629822257,10.526315789473696,-15.789473684210517
2025-11-12,SHREECEM,27250,PE,SHREECEM 27250 PE 25 NOV 25,2025-11-12 10:42:00+00:00,27070.0,490.0,2025-11-12 14:30:00+00:00,27070.0,465.75,Time (2:30PM),-4.948979591836735,-606.25,0.0,0.0,-14.357142857142863
2025-11-17,SHREECEM,26750,PE,SHREECEM 26750 PE 25 NOV 25,2025-11-17 09:40:00+00:00,26640.0,369.45,2025-11-17 14:30:00+00:00,26710.0,305.0,Time (2:30PM),-17.444850453376638,-1611.2499999999998,0.2627627627627628,0.0,-19.041818920016233
2025-11-27,SHREECEM,27000,PE,SHREECEM 27000 PE 30 DEC 25,2025-11-27 09:32:00+00:00,26750.0,644.55,2025-11-27 14:30:00+00:00,26750.0,656.0,Time (2:30PM),1.7764331704289889,286.25000000000114,0.0,4.724226204328609,-0.923124660615923
2025-11-28,SHREECEM,27000,PE,SHREECEM 27000 PE 30 DEC 25,2025-11-28 10:27:00+00:00,26640.0,732.4,2025-11-28 14:30:00+00:00,26430.0,827.75,Time (2:30PM),13.018842162752598,2383.7500000000005,-0.7882882882882882,18.801201529219014,0.0
2025-11-03,SHRIRAMFIN,800,CE,SHRIRAMFIN 800 CE 25 NOV 25,2025-11-03 09:30:00+00:00,788.5,18.4,2025-11-03 14:30:00+00:00,796.25,20.3,Time (2:30PM),10.326086956521753,1567.5000000000018,0.9828788839568802,20.652173913043484,-24.456521739130427
2025-11-04,SHRIRAMFIN,800,CE,SHRIRAMFIN 800 CE 25 NOV 25,2025-11-04 09:30:00+00:00,797.9,21.1,2025-11-04 14:30:00+00:00,796.7,19.2,Time (2:30PM),-9.0047393364929,-1567.5000000000018,-0.15039478631406591,10.189573459715632,-12.322274881516595
2025-11-06,SHRIRAMFIN,800,PE,SHRIRAMFIN 800 PE 25 NOV 25,2025-11-06 09:30:00+00:00,785.75,30.35,2025-11-06 14:30:00+00:00,793.8,25.9,Time (2:30PM),-14.662273476112034,-3671.2500000000023,1.0244988864142481,0.0,-24.217462932454698
2025-11-07,SHRIRAMFIN,800,PE,SHRIRAMFIN 800 PE 25 NOV 25,2025-11-07 09:30:00+00:00,786.4,28.0,2025-11-07 12:24:00+00:00,811.05,16.8,Stop (-40%),-40.0,-9240.0,3.134537131230923,7.142857142857142,-40.0
2025-11-11,SHRIRAMFIN,800,PE,SHRIRAMFIN 800 PE 25 NOV 25,2025-11-11 09:30:00+00:00,815.7,14.1,2025-11-11 14:20:00+00:00,833.0,8.3,Stop (-40%),-41.134751773049636,-4784.999999999999,2.1208777736913027,22.340425531914896,-41.134751773049636
2025-11-12,SHRIRAMFIN,800,PE,SHRIRAMFIN 800 PE 25 NOV 25,2025-11-12 09:30:00+00:00,827.8,8.75,2025-11-12 14:30:00+00:00,825.35,8.35,Time (2:30PM),-4.571428571428576,-330.0000000000003,-0.2959652089876699,5.714285714285714,-17.142857142857142
2025-11-13,SHRIRAMFIN,800,PE,SHRIRAMFIN 800 PE 25 NOV 25,2025-11-13 09:30:00+00:00,819.45,9.5,2025-11-13 14:30:00+00:00,815.55,10.65,Time (2:30PM),12.105263157894742,948.7500000000003,-0.475928976752711,31.57894736842105,-5.263157894736842
2025-11-17,SHRIRAMFIN,800,CE,SHRIRAMFIN 800 CE 25 NOV 25,2025-11-17 09:30:00+00:00,818.1,27.45,2025-11-17 14:30:00+00:00,817.95,27.9,Time (2:30PM),1.6393442622950793,371.24999999999943,-0.018335166850015554,26.41165755919856,-7.285974499089254
2025-11-21,SHRIRAMFIN,800,PE,SHRIRAMFIN 800 PE 25 NOV 25,2025-11-21 09:30:00+00:00,816.7,2.9,2025-11-21 12:05:00+00:00,824.6,1.7,Stop (-40%),-41.37931034482759,-990.0,0.9673074568384935,12.068965517241383,-41.37931034482759
2025-11-25,SHRIRAMFIN,800,CE,SHRIRAMFIN 800 CE 25 NOV 25,2025-11-25 09:31:00+00:00,832.35,29.8,2025-11-25 14:30:00+00:00,838.5,38.0,Time (2:30PM),27.516778523489933,6764.999999999999,0.7388718688051874,30.033557046979865,-2.684563758389264
2025-11-07,SIEMENS,3100,PE,SIEMENS 3100 PE 25 NOV 25,2025-11-07 09:30:00+00:00,3031.3,106.75,2025-11-07 14:30:00+00:00,3039.9,99.75,Time (2:30PM),-6.557377049180328,-875.0,0.2837066605086896,14.285714285714285,-12.45901639344262
2025-11-11,SIEMENS,3100,PE,SIEMENS 3100 PE 25 NOV 25,2025-11-11 09:30:00+00:00,3029.5,107.1,2025-11-11 14:30:00+00:00,3015.3,111.9,Time (2:30PM),4.4817927170868455,600.0000000000014,-0.46872421191615177,12.278244631185814,-7.4229691876750605
2025-11-13,SIEMENS,3100,CE,SIEMENS 3100 CE 25 NOV 25,2025-11-13 09:30:00+00:00,3109.7,88.2,2025-11-13 14:30:00+00:00,3069.2,66.5,Time (2:30PM),-24.603174603174605,-2712.5000000000005,-1.3023764350258868,3.174603174603171,-30.895691609977323
2025-11-17,SIEMENS,3100,CE,SIEMENS 3100 CE 25 NOV 25,2025-11-17 09:30:00+00:00,3163.1,103.5,2025-11-17 14:30:00+00:00,3203.4,134.5,Time (2:30PM),29.951690821256037,3875.0,1.2740665802535545,48.743961352656996,-16.135265700483096
2025-11-25,SIEMENS,3200,PE,SIEMENS 3200 PE 25 NOV 25,2025-11-25 09:31:00+00:00,3182.0,30.0,2025-11-25 14:30:00+00:00,3170.3,31.95,Time (2:30PM),6.499999999999997,243.74999999999991,-0.3676932746700131,47.0,-27.500000000000004
2025-11-10,SRF,2900,PE,SRF 2900 PE 25 NOV 25,2025-11-10 09:36:00+00:00,2878.2,63.5,2025-11-10 14:30:00+00:00,2906.1,47.05,Time (2:30PM),-25.905511811023622,-3290.0000000000005,0.9693558474046311,11.732283464566933,-28.188976377952752
2025-11-11,SRF,2900,PE,SRF 2900 PE 25 NOV 25,2025-11-11 09:30:00+00:00,2897.3,51.35,2025-11-11 14:30:00+00:00,2919.3,41.95,Time (2:30PM),-18.305744888023366,-1879.9999999999998,0.7593276498809236,28.52969814995131,-19.668938656280428
2025-11-12,SRF,2900,PE,SRF 2900 PE 25 NOV 25,2025-11-12 09:31:00+00:00,2916.0,41.8,2025-11-12 14:30:00+00:00,2925.3,37.9,Time (2:30PM),-9.330143540669853,-779.9999999999998,0.3189300411522696,5.26315789473685,-15.789473684210515
2025-11-18,SRF,2900,PE,SRF 2900 PE 25 NOV 25,2025-11-18 09:30:00+00:00,2839.6,76.15,2025-11-18 14:30:00+00:00,2830.3,77.75,Time (2:30PM),2.1011162179908003,319.99999999999886,-0.32751091703055807,23.243598161523295,-3.217334208798427
2025-11-19,SRF,2800,PE,SRF 2800 PE 25 NOV 25,2025-11-19 09:30:00+00:00,2812.6,31.2,2025-11-19 12:04:00+00:00,2773.5,47.2,Target (50%),51.2820512820513,3200.000000000001,-1.3901727938562152,51.2820512820513,-22.916666666666664
2025-11-14,SUNPHARMA,1700,CE,SUNPHARMA 1700 CE 25 NOV 25,2025-11-14 09:31:00+00:00,1746.7,58.05,2025-11-14 14:30:00+00:00,1750.0,56.8,Time (2:30PM),-2.1533161068044793,-437.5,0.1889276922196115,6.804478897502158,-9.991386735572776
2025-11-18,SUNPHARMA,1800,PE,SUNPHARMA 1800 PE 25 NOV 25,2025-11-18 09:36:00+00:00,1753.0,47.85,2025-11-18 14:30:00+00:00,1760.8,44.3,Time (2:30PM),-7.419017763845359,-1242.5000000000016,0.44495151169423586,8.881922675026123,-12.12121212121213
2025-11-25,SUNPHARMA,1800,PE,SUNPHARMA 1800 PE 25 NOV 25,2025-11-25 09:44:00+00:00,1775.1,28.3,2025-11-25 12:42:00+00:00,1790.4,10.05,Stop (-40%),-64.48763250883393,-6387.5,0.8619232719283524,0.7067137809187254,-64.48763250883393
2025-11-03,TATAELXSI,5500,PE,TATAELXSI 5500 PE 25 NOV 25,2025-11-03 09:30:00+00:00,5423.5,182.65,2025-11-03 14:30:00+00:00,5422.0,176.45,Time (2:30PM),-3.394470298384898,-620.0000000000017,-0.027657416797271135,7.309061045715846,-4.95483164522311
2025-11-06,TATAELXSI,5400,PE,TATAELXSI 5400 PE 25 NOV 25,2025-11-06 09:30:00+00:00,5309.5,188.0,2025-11-06 14:30:00+00:00,5245.0,228.7,Time (2:30PM),21.64893617021276,4069.999999999999,-1.214803653828044,31.170212765957444,-1.5159574468085075
2025-11-07,TATAELXSI,5200,PE,TATAELXSI 5200 PE 25 NOV 25,2025-11-07 09:32:00+00:00,5146.0,150.0,2025-11-07 14:30:00+00:00,5195.0,113.8,Time (2:30PM),-24.133333333333333,-3620.0000000000005,0.952195880295375,6.966666666666659,-25.566666666666666
2025-11-12,TATAELXSI,5300,CE,TATAELXSI 5300 CE 25 NOV 25,2025-11-12 09:30:00+00:00,5332.0,124.0,2025-11-12 10:29:00+00:00,5438.5,198.0,Target (50%),59.67741935483871,7400.0,1.9973743435858966,59.67741935483871,-6.653225806451612
2025-11-13,TATAELXSI,5400,PE,TATAELXSI 5400 PE 25 NOV 25,2025-11-13 09:30:00+00:00,5363.0,110.0,2025-11-13 14:30:00+00:00,5335.0,128.05,Time (2:30PM),16.40909090909092,1805.0000000000011,-0.522095841879545,18.863636363636363,-10.909090909090908
2025-11-14,TATAELXSI,5300,PE,TATAELXSI 5300 PE 25 NOV 25,2025-11-14 09:31:00+00:00,5247.0,114.95,2025-11-14 14:30:00+00:00,5246.0,110.15,Time (2:30PM),-4.175728577642451,-479.9999999999997,-0.01905850962454736,1.783384080034795,-26.054806437581558
2025-11-17,TATAELXSI,5300,CE,TATAELXSI 5300 CE 25 NOV 25,2025-11-17 09:30:00+00:00,5297.0,92.75,2025-11-17 11:33:00+00:00,5211.0,51.65,Stop (-40%),-44.31266846361186,-4110.0,-1.6235605059467622,3.3423180592991852,-44.31266846361186
2025-11-18,TATAELXSI,5300,CE,TATAELXSI 5300 CE 25 NOV 25,2025-11-18 09:31:00+00:00,5334.0,101.0,2025-11-18 14:30:00+00:00,5282.0,68.65,Time (2:30PM),-32.02970297029702,-3234.9999999999995,-0.974878140232471,10.891089108910892,-34.75247524752474
2025-11-19,TATAELXSI,5300,CE,TATAELXSI 5300 CE 25 NOV 25,2025-11-19 09:31:00+00:00,5297.5,77.95,2025-11-19 12:21:00+00:00,5375.0,117.55,Target (50%),50.80179602309172,3959.9999999999995,1.46295422369042,50.80179602309172,-12.379730596536248
2025-11-20,TATAELXSI,5400,PE,TATAELXSI 5400 PE 25 NOV 25,2025-11-20 09:33:00+00:00,5339.5,97.75,2025-11-20 14:30:00+00:00,5369.5,68.55,Time (2:30PM),-29.87212276214834,-2920.0000000000005,0.561850360520648,1.227621483375962,-37.23785166240409
2025-11-24,TATAELXSI,5300,CE,TATAELXSI 5300 CE 25 NOV 25,2025-11-24 09:30:00+00:00,5382.5,101.35,2025-11-24 10:46:00+00:00,5337.0,60.0,Stop (-40%),-40.79921065614208,-4134.999999999999,-0.8453320947515095,17.365564874198334,-40.79921065614208
2025-11-04,TATAPOWER,400,PE,TATAPOWER 400 PE 25 NOV 25,2025-11-04 09:30:00+00:00,403.0,7.1,2025-11-04 14:30:00+00:00,400.6,8.3,Time (2:30PM),16.901408450704242,1740.0000000000016,-0.5955334987592996,30.281690140845075,-1.4084507042253471
2025-11-07,TATAPOWER,400,PE,TATAPOWER 400 PE 25 NOV 25,2025-11-07 09:30:00+00:00,386.9,15.7,2025-11-07 14:30:00+00:00,392.85,11.15,Time (2:30PM),-28.980891719745216,-6597.499999999998,1.5378650814163985,5.0955414012738895,-30.89171974522293
2025-11-12,TATAPOWER,400,CE,TATAPOWER 400 CE 25 NOV 25,2025-11-12 09:30:00+00:00,392.0,3.95,2025-11-12 14:30:00+00:00,389.55,3.2,Time (2:30PM),-18.987341772151897,-1087.5,-0.6249999999999971,18.987341772151897,-29.113924050632917
2025-11-17,TATAPOWER,400,CE,TATAPOWER 400 CE 25 NOV 25,2025-11-17 09:30:00+00:00,391.15,2.7,2025-11-17 14:30:00+00:00,391.25,2.2,Time (2:30PM),-18.51851851851852,-725.0,0.02556563978014131,5.555555555555552,-24.074074074074087
2025-11-18,TATAPOWER,400,PE,TATAPOWER 400 PE 25 NOV 25,2025-11-18 09:30:00+00:00,390.55,10.95,2025-11-18 14:30:00+00:00,387.6,13.5,Time (2:30PM),23.28767123287672,3697.500000000001,-0.7553450262450362,23.28767123287672,-1.8264840182648339
2025-11-04,TATASTEEL,200,PE,TATASTEEL 200 PE 25 NOV 25,2025-11-04 09:35:00+00:00,181.8,18.01,2025-11-04 14:30:00+00:00,179.02,20.31,Time (2:30PM),12.770682953914475,12649.999999999984,-1.5291529152915297,12.770682953914475,-4.553026096612994
2025-11-07,TATASTEEL,200,PE,TATASTEEL 200 PE 25 NOV 25,2025-11-07 11:39:00+00:00,175.82,21.07,2025-11-07 14:30:00+00:00,178.25,18.56,Time (2:30PM),-11.912672045562418,-13805.00000000001,1.3820953247639671,1.661129568106319,-11.912672045562418
2025-11-11,TATASTEEL,200,PE,TATASTEEL 200 PE 25 NOV 25,2025-11-11 09:37:00+00:00,180.11,19.66,2025-11-11 14:30:00+00:00,181.54,18.28,Time (2:30PM),-7.019328585961338,-7589.9999999999945,0.7939592471267439,4.323499491353008,-9.46083418107833
2025-11-13,TATASTEEL,200,PE,TATASTEEL 200 PE 25 NOV 25,2025-11-13 09:33:00+00:00,182.32,17.45,2025-11-13 14:30:00+00:00,177.72,22.29,Time (2:30PM),27.736389684813755,26620.0,-2.523036419482226,39.942693409742134,0.0
2025-11-06,TCS,3000,CE,TCS 3000 CE 25 NOV 25,2025-11-06 09:30:00+00:00,3009.0,65.0,2025-11-06 14:30:00+00:00,3014.9,66.05,Time (2:30PM),1.615384615384611,183.7499999999995,0.19607843137255204,9.153846153846159,-10.384615384615385
2025-11-07,TCS,3000,PE,TCS 3000 PE 25 NOV 25,2025-11-07 09:30:00+00:00,2971.3,62.85,2025-11-07 14:30:00+00:00,2981.7,52.6,Time (2:30PM),-16.308671439936358,-1793.75,0.3500151448860645,8.591885441527443,-16.706443914081145
2025-11-11,TCS,3000,PE,TCS 3000 PE 25 NOV 25,2025-11-11 09:30:00+00:00,3022.6,31.95,2025-11-11 14:30:00+00:00,3044.4,24.0,Time (2:30PM),-24.88262910798122,-1391.2499999999998,0.7212333752398657,4.22535211267605,-24.88262910798122
2025-11-12,TCS,3100,CE,TCS 3100 CE 25 NOV 25,2025-11-12 09:30:00+00:00,3081.4,40.45,2025-11-12 13:12:00+00:00,3125.1,61.4,Target (50%),51.79233621755252,3666.249999999999,1.418186538586351,51.79233621755252,-1.1124845488257178
2025-11-13,TCS,3100,PE,TCS 3100 PE 25 NOV 25,2025-11-13 09:30:00+00:00,3112.5,32.95,2025-11-13 14:30:00+00:00,3109.6,34.2,Time (2:30PM),3.793626707132018,218.75,-0.09317269076305514,9.104704097116842,-18.057663125948416
2025-11-19,TCS,3100,CE,TCS 3100 CE 25 NOV 25,2025-11-19 09:30:00+00:00,3114.0,39.0,2025-11-19 10:54:00+00:00,3146.9,58.6,Target (50%),50.256410256410255,3430.0000000000005,1.05651894669236,50.256410256410255,-7.9487179487179525
2025-11-21,TCS,3100,CE,TCS 3100 CE 25 NOV 25,2025-11-21 09:30:00+00:00,3161.1,63.35,2025-11-21 14:30:00+00:00,3159.9,59.8,Time (2:30PM),-5.603788476716661,-621.2500000000008,-0.03796146910884876,5.130228887134953,-22.730860299921073
2025-11-24,TCS,3200,CE,TCS 3200 CE 25 NOV 25,2025-11-24 09:30:00+00:00,3178.5,11.5,2025-11-24 09:44:00+00:00,3162.1,6.8,Stop (-40%),-40.869565217391305,-822.5,-0.5159666509359789,0.0,-40.869565217391305
2025-11-07,TECHM,1400,PE,TECHM 1400 PE 25 NOV 25,2025-11-07 09:31:00+00:00,1392.8,28.0,2025-11-07 14:30:00+00:00,1393.0,26.4,Time (2:30PM),-5.71428571428572,-960.0000000000009,0.014359563469273801,8.749999999999998,-12.32142857142857
2025-11-11,TECHM,1400,PE,TECHM 1400 PE 25 NOV 25,2025-11-11 09:31:00+00:00,1394.9,24.3,2025-11-11 14:30:00+00:00,1406.5,18.7,Time (2:30PM),-23.04526748971194,-3360.000000000001,0.8316008316008251,5.34979423868313,-24.485596707818928
2025-11-12,TECHM,1400,CE,TECHM 1400 CE 25 NOV 25,2025-11-12 09:30:00+00:00,1427.7,45.35,2025-11-12 11:14:00+00:00,1458.8,68.55,Target (50%),51.15766262403527,13919.999999999998,2.1783287805561327,51.15766262403527,-7.828004410143338
2025-11-13,TECHM,1500,PE,TECHM 1500 PE 25 NOV 25,2025-11-13 09:30:00+00:00,1446.3,55.0,2025-11-13 14:30:00+00:00,1452.8,53.1,Time (2:30PM),-3.454545454545452,-1139.999999999999,0.44942266473069215,7.2727272727272725,-9.090909090909092
2025-11-20,TECHM,1400,PE,TECHM 1400 PE 25 NOV 25,2025-11-20 09:30:00+00:00,1433.9,5.05,2025-11-20 09:55:00+00:00,1447.0,2.65,Stop (-40%),-47.524752475247524,-1440.0,0.9135923007183142,0.0,-47.524752475247524
2025-11-24,TECHM,1500,CE,TECHM 1500 CE 25 NOV 25,2025-11-24 09:30:00+00:00,1500.4,11.25,2025-11-24 10:00:00+00:00,1510.4,17.15,Target (50%),52.44444444444443,3539.999999999999,0.6664889362836576,52.44444444444443,-25.33333333333333
2025-11-25,TECHM,1500,PE,TECHM 1500 PE 25 NOV 25,2025-11-25 09:30:00+00:00,1486.4,16.75,2025-11-25 09:54:00+00:00,1496.7,8.6,Stop (-40%),-48.65671641791045,-4890.0,0.6929494079655513,1.4925373134328357,-48.65671641791045
2025-11-03,TITAN,3700,PE,TITAN 3700 PE 25 NOV 25,2025-11-03 09:30:00+00:00,3692.9,83.0,2025-11-03 14:30:00+00:00,3751.9,61.05,Time (2:30PM),-26.445783132530128,-3841.2500000000005,1.597660375314793,13.012048192771081,-32.53012048192771
2025-11-04,TITAN,3700,CE,TITAN 3700 CE 25 NOV 25,2025-11-04 09:30:00+00:00,3756.2,113.0,2025-11-04 14:30:00+00:00,3807.2,147.2,Time (2:30PM),30.26548672566371,5984.999999999998,1.3577551781055324,49.557522123893804,-0.9292035398230064
2025-11-06,TITAN,3800,CE,TITAN 3800 CE 25 NOV 25,2025-11-06 09:30:00+00:00,3809.3,83.8,2025-11-06 14:30:00+00:00,3786.8,64.0,Time (2:30PM),-23.627684964200473,-3464.9999999999995,-0.5906597012574488,9.069212410501205,-28.75894988066825
2025-11-10,TITAN,3800,CE,TITAN 3800 CE 25 NOV 25,2025-11-10 09:30:00+00:00,3807.7,73.0,2025-11-10 14:30:00+00:00,3803.1,64.3,Time (2:30PM),-11.917808219178086,-1522.5000000000005,-0.12080783675184256,4.794520547945205,-23.28767123287671
2025-11-26,TITAN,4360,CE,TITAN 4360 CE 30 DEC 25,2025-11-26 11:22:00+00:00,3868.6,3.95,2025-11-26 13:11:00+00:00,3914.0,2.05,Stop (-40%),-48.10126582278482,-332.50000000000006,1.1735511554567568,0.0,-48.10126582278482
2025-11-04,TORNTPOWER,1300,PE,TORNTPOWER 1300 PE 25 NOV 25,2025-11-04 09:30:00+00:00,1331.0,25.05,2025-11-04 14:30:00+00:00,1304.1,36.4,Time (2:30PM),45.309381237524946,4256.249999999999,-2.021036814425251,46.90618762475049,-6.187624750499005
2025-11-06,TORNTPOWER,1300,PE,TORNTPOWER 1300 PE 25 NOV 25,2025-11-06 09:31:00+00:00,1286.4,42.9,2025-11-06 14:30:00+00:00,1273.0,48.7,Time (2:30PM),13.519813519813532,2175.000000000002,-1.0416666666666736,21.212121212121215,-11.42191142191142
2025-11-12,TORNTPOWER,1300,PE,TORNTPOWER 1300 PE 25 NOV 25,2025-11-12 09:30:00+00:00,1312.0,24.55,2025-11-12 14:30:00+00:00,1290.3,33.0,Time (2:30PM),34.41955193482688,3168.7499999999995,-1.65396341463415,46.232179226069235,-4.0733197556008145
2025-11-20,TORNTPOWER,1300,CE,TORNTPOWER 1300 CE 25 NOV 25,2025-11-20 09:30:00+00:00,1307.9,18.45,2025-11-20 14:30:00+00:00,1313.9,21.4,Time (2:30PM),15.989159891598911,1106.2499999999998,0.4587506690113923,24.66124661246613,-10.840108401084011
2025-11-25,TORNTPOWER,1300,PE,TORNTPOWER 1300 PE 25 NOV 25,2025-11-25 09:53:00+00:00,1293.6,11.3,2025-11-25 11:24:00+00:00,1298.9,5.5,Stop (-40%),-51.32743362831859,-2175.0000000000005,0.40970933828078093,3.982300884955746,-51.32743362831859
2025-11-03,TRENT,4700,PE,TRENT 4700 PE 25 NOV 25,2025-11-03 09:30:00+00:00,4667.7,172.55,2025-11-03 14:30:00+00:00,4710.0,139.65,Time (2:30PM),-19.06693711967546,-3290.0000000000005,0.9062279066778111,0.0,-19.617502173283118
2025-11-04,TRENT,4700,PE,TRENT 4700 PE 25 NOV 25,2025-11-04 09:32:00+00:00,4689.0,158.35,2025-11-04 14:30:00+00:00,4653.4,173.35,Time (2:30PM),9.472687085569941,1500.0,-0.7592237150778496,9.567413956425645,-0.25260498894853534
2025-11-06,TRENT,4700,CE,TRENT 4700 CE 25 NOV 25,2025-11-06 09:30:00+00:00,4699.7,165.0,2025-11-06 14:30:00+00:00,4682.0,154.5,Time (2:30PM),-6.363636363636363,-1050.0,-0.3766197842415435,1.151515151515155,-17.575757575757574
2025-11-07,TRENT,4700,PE,TRENT 4700 PE 25 NOV 25,2025-11-07 09:30:00+00:00,4647.0,172.0,2025-11-07 14:30:00+00:00,4640.3,169.65,Time (2:30PM),-1.3662790697674387,-234.99999999999943,-0.1441790402410118,3.0523255813953485,-15.581395348837216
2025-11-10,TRENT,4600,PE,TRENT 4600 PE 25 NOV 25,2025-11-10 09:30:00+00:00,4372.4,260.7,2025-11-10 14:30:00+00:00,4282.4,319.3,Time (2:30PM),22.477943996931348,5860.000000000002,-2.058366114719605,29.804372842347522,-1.1891062523973785
2025-11-12,TRENT,4300,PE,TRENT 4300 PE 25 NOV 25,2025-11-12 09:30:00+00:00,4301.0,90.1,2025-11-12 10:44:00+00:00,4374.3,51.95,Stop (-40%),-42.341842397336286,-3814.999999999999,1.7042548244594322,0.0,-42.341842397336286
2025-11-04,TVSMOTOR,3500,PE,TVSMOTOR 3500 PE 25 NOV 25,2025-11-04 09:30:00+00:00,3470.4,92.0,2025-11-04 14:30:00+00:00,3506.8,72.5,Time (2:30PM),-21.195652173913043,-3412.5,1.0488704472106987,0.0,-32.66304347826087
2025-11-07,TVSMOTOR,3400,PE,TVSMOTOR 3400 PE 25 NOV 25,2025-11-07 09:30:00+00:00,3368.8,83.55,2025-11-07 12:20:00+00:00,3436.6,50.1,Stop (-40%),-40.035906642728904,-5853.749999999999,2.0125860840655343,12.028725314183122,-40.035906642728904
2025-11-10,TVSMOTOR,3500,CE,TVSMOTOR 3500 CE 25 NOV 25,2025-11-10 09:30:00+00:00,3491.3,71.75,2025-11-10 14:30:00+00:00,3499.4,77.6,Time (2:30PM),8.153310104529607,1023.749999999999,0.2320052702431733,8.292682926829272,-11.358885017421601
2025-11-11,TVSMOTOR,3500,PE,TVSMOTOR 3500 PE 25 NOV 25,2025-11-11 09:31:00+00:00,3483.3,75.4,2025-11-11 14:30:00+00:00,3473.0,76.65,Time (2:30PM),1.6578249336870026,218.75,-0.29569660953693855,23.47480106100794,-7.427055702917783
2025-11-12,TVSMOTOR,3500,PE,TVSMOTOR 3500 PE 25 NOV 25,2025-11-12 09:30:00+00:00,3462.7,83.2,2025-11-12 14:30:00+00:00,3458.5,83.25,Time (2:30PM),0.06009615384615043,8.749999999999503,-0.12129263291650498,6.009615384615384,-18.93028846153846
2025-11-13,TVSMOTOR,3500,CE,TVSMOTOR 3500 CE 25 NOV 25,2025-11-13 09:30:00+00:00,3472.5,56.5,2025-11-13 14:30:00+00:00,3460.2,49.2,Time (2:30PM),-12.920353982300881,-1277.4999999999995,-0.3542116630669599,0.8849557522123894,-14.778761061946904
2025-11-25,TVSMOTOR,3400,CE,TVSMOTOR 3400 CE 25 NOV 25,2025-11-25 09:30:00+00:00,3463.8,61.3,2025-11-25 14:30:00+00:00,3455.7,60.45,Time (2:30PM),-1.3866231647634493,-148.749999999999,-0.2338472198163971,20.71778140293638,-20.309951060358884
2025-11-04,ULTRACEMCO,12000,PE,ULTRACEMCO 12000 PE 25 NOV 25,2025-11-04 09:30:00+00:00,11894.0,239.95,2025-11-04 14:30:00+00:00,11815.0,279.15,Time (2:30PM),16.336736820170866,1959.9999999999995,-0.6642004371952245,16.336736820170866,-12.836007501562818
2025-11-06,ULTRACEMCO,11800,CE,ULTRACEMCO 11800 CE 25 NOV 25,2025-11-06 09:30:00+00:00,11866.0,267.25,2025-11-06 14:30:00+00:00,11919.0,283.0,Time (2:30PM),5.893358278765201,787.5,0.44665430642170906,24.9579045837231,-15.434985968194576
2025-11-18,ULTRACEMCO,11900,PE,ULTRACEMCO 11900 PE 25 NOV 25,2025-11-18 09:32:00+00:00,11770.0,197.55,2025-11-18 14:30:00+00:00,11748.0,195.0,Time (2:30PM),-1.2908124525436655,-127.50000000000057,-0.1869158878504673,23.993925588458605,-5.846621108580112
2025-11-24,ULTRACEMCO,11700,PE,ULTRACEMCO 11700 PE 25 NOV 25,2025-11-24 09:30:00+00:00,11662.0,79.3,2025-11-24 14:20:00+00:00,11601.0,125.0,Target (50%),57.629255989911734,2285.0,-0.5230663694049048,57.629255989911734,-25.535939470365697
2025-11-14,UNIONBANK,175,CE,UNIONBANK 175 CE 25 NOV 25,2025-11-14 09:44:00+00:00,152.67,0.15,2025-11-14 13:16:00+00:00,152.24,0.09,Stop (-40%),-40.0,-265.5,-0.2816532390122345,0.0,-40.0
2025-11-17,UNIONBANK,175,CE,UNIONBANK 175 CE 25 NOV 25,2025-11-17 09:35:00+00:00,155.28,0.11,2025-11-17 14:30:00+00:00,154.06,0.09,Time (2:30PM),-18.181818181818183,-88.50000000000001,-0.7856774858320447,27.27272727272728,-18.181818181818183
2025-11-24,UNIONBANK,175,CE,UNIONBANK 175 CE 25 NOV 25,2025-11-24 09:31:00+00:00,151.88,0.03,2025-11-24 10:18:00+00:00,151.5,0.01,Stop (-40%),-66.66666666666666,-88.49999999999999,-0.2501975243613349,0.0,-66.66666666666666
2025-11-07,VBL,500,PE,VBL 500 PE 25 NOV 25,2025-11-07 09:30:00+00:00,469.05,32.85,2025-11-07 14:30:00+00:00,469.55,31.6,Time (2:30PM),-3.8051750380517504,-1281.25,0.10659844366272252,0.0,-10.045662100456623
2025-11-10,VBL,500,PE,VBL 500 PE 25 NOV 25,2025-11-10 09:36:00+00:00,467.1,31.8,2025-11-10 14:30:00+00:00,466.8,32.15,Time (2:30PM),1.1006289308176034,358.74999999999784,-0.06422607578677186,6.9182389937106885,-4.245283018867929
2025-11-12,VBL,500,PE,VBL 500 PE 25 NOV 25,2025-11-12 09:38:00+00:00,465.0,35.25,2025-11-12 14:30:00+00:00,460.15,38.65,Time (2:30PM),9.645390070921982,3484.9999999999986,-1.0430107526881771,14.609929078014181,-1.5602836879432544
2025-11-14,VBL,500,CE,VBL 500 CE 25 NOV 25,2025-11-14 09:30:00+00:00,455.75,0.95,2025-11-14 14:30:00+00:00,460.1,1.05,Time (2:30PM),10.526315789473696,102.50000000000009,0.9544706527701641,15.789473684210542,-5.263157894736835
2025-11-17,VBL,500,PE,VBL 500 PE 25 NOV 25,2025-11-17 09:51:00+00:00,459.8,38.9,2025-11-17 14:30:00+00:00,462.85,37.1,Time (2:30PM),-4.6272493573264715,-1844.999999999997,0.6633318834275796,0.0,-6.683804627249361
2025-11-19,VBL,500,PE,VBL 500 PE 25 NOV 25,2025-11-19 09:42:00+00:00,455.35,43.55,2025-11-19 14:30:00+00:00,454.0,46.75,Time (2:30PM),7.34787600459243,3280.0000000000027,-0.29647523882728066,8.381171067738245,0.0
2025-11-21,VBL,500,PE,VBL 500 PE 25 NOV 25,2025-11-21 11:12:00+00:00,448.1,52.25,2025-11-21 14:30:00+00:00,446.95,53.3,Time (2:30PM),2.009569377990425,1076.249999999997,-0.25663914304843427,6.220095693779904,-0.4784688995215311
2025-11-03,VEDL,500,CE,VEDL 500 CE 25 NOV 25,2025-11-03 09:30:00+00:00,506.05,19.55,2025-11-03 14:30:00+00:00,513.35,25.3,Time (2:30PM),29.411764705882355,6612.5,1.4425452030431798,32.9923273657289,-7.161125319693105
2025-11-04,VEDL,500,CE,VEDL 500 CE 25 NOV 25,2025-11-04 09:31:00+00:00,516.1,26.7,2025-11-04 14:30:00+00:00,506.9,19.55,Time (2:30PM),-26.77902621722846,-8222.499999999998,-1.7826002712652673,2.4344569288389595,-30.898876404494384
2025-11-12,VEDL,500,CE,VEDL 500 CE 25 NOV 25,2025-11-12 09:30:00+00:00,528.0,34.0,2025-11-12 14:30:00+00:00,519.8,26.4,Time (2:30PM),-22.35294117647059,-8740.000000000002,-1.5530303030303116,0.0,-24.70588235294117
2025-11-13,VEDL,500,CE,VEDL 500 CE 25 NOV 25,2025-11-13 09:30:00+00:00,530.3,35.65,2025-11-13 14:30:00+00:00,530.4,34.25,Time (2:30PM),-3.927068723702661,-1609.9999999999984,0.018857250612864935,12.201963534361855,-6.030855539971946
2025-11-18,VEDL,500,PE,VEDL 500 PE 25 NOV 25,2025-11-18 09:30:00+00:00,513.95,3.0,2025-11-18 14:30:00+00:00,512.3,2.8,Time (2:30PM),-6.666666666666672,-230.0000000000002,-0.3210429030061467,46.66666666666668,-15.000000000000005
2025-11-25,VEDL,500,CE,VEDL 500 CE 25 NOV 25,2025-11-25 09:30:00+00:00,504.5,6.0,2025-11-25 12:20:00+00:00,503.15,3.1,Stop (-40%),-48.333333333333336,-3335.0,-0.2675916749256735,25.0,-48.333333333333336
2025-11-26,VEDL,500,CE,VEDL 500 CE 30 DEC 25,2025-11-26 09:30:00+00:00,510.95,23.0,2025-11-26 14:30:00+00:00,514.05,25.3,Time (2:30PM),10.000000000000004,2645.000000000001,0.6067129856150242,12.391304347826093,-2.6086956521739193
2025-11-27,VEDL,500,CE,VEDL 500 CE 30 DEC 25,2025-11-27 09:30:00+00:00,521.65,30.25,2025-11-27 14:30:00+00:00,519.65,30.3,Time (2:30PM),0.16528925619834947,57.50000000000082,-0.3833988306335666,8.099173553719018,-7.768595041322318
2025-11-11,VOLTAS,1300,PE,VOLTAS 1300 PE 25 NOV 25,2025-11-11 09:30:00+00:00,1315.7,34.9,2025-11-11 14:30:00+00:00,1304.5,37.4,Time (2:30PM),7.163323782234958,937.5,-0.85125788553622,20.487106017191977,-17.908309455587393
2025-11-12,VOLTAS,1300,CE,VOLTAS 1300 CE 25 NOV 25,2025-11-12 09:30:00+00:00,1318.4,37.5,2025-11-12 14:30:00+00:00,1335.6,45.35,Time (2:30PM),20.933333333333337,2943.7500000000005,1.304611650485423,22.666666666666664,-8.533333333333342
2025-11-13,VOLTAS,1300,CE,VOLTAS 1300 CE 25 NOV 25,2025-11-13 09:30:00+00:00,1339.3,45.75,2025-11-13 14:30:00+00:00,1335.0,49.1,Time (2:30PM),7.322404371584702,1256.2500000000005,-0.321063241992082,7.322404371584702,-23.169398907103826
2025-11-14,VOLTAS,1300,CE,VOLTAS 1300 CE 25 NOV 25,2025-11-14 09:30:00+00:00,1337.1,42.7,2025-11-14 11:17:00+00:00,1373.5,64.5,Target (50%),51.053864168618254,8174.999999999999,2.722309475731067,51.053864168618254,-2.693208430913362
2025-11-17,VOLTAS,1400,CE,VOLTAS 1400 CE 25 NOV 25,2025-11-17 09:30:00+00:00,1378.0,14.25,2025-11-17 14:30:00+00:00,1378.0,12.3,Time (2:30PM),-13.684210526315784,-731.2499999999998,0.0,22.456140350877188,-31.57894736842105
2025-11-24,VOLTAS,1400,CE,VOLTAS 1400 CE 25 NOV 25,2025-11-24 09:30:00+00:00,1399.4,8.6,2025-11-24 09:46:00+00:00,1389.2,4.55,Stop (-40%),-47.093023255813954,-1518.75,-0.7288838073460087,0.0,-47.093023255813954
2025-11-26,VOLTAS,1400,CE,VOLTAS 1400 CE 30 DEC 25,2025-11-26 09:30:00+00:00,1367.2,23.55,2025-11-26 14:30:00+00:00,1389.7,28.75,Time (2:30PM),22.080679405520165,1949.9999999999998,1.6456992393212404,25.690021231422506,-2.335456475583867
2025-11-27,VOLTAS,1400,PE,VOLTAS 1400 PE 30 DEC 25,2025-11-27 09:30:00+00:00,1373.7,54.7,2025-11-27 14:30:00+00:00,1389.1,50.45,Time (2:30PM),-7.769652650822668,-1593.75,1.1210599111887503,4.844606946983544,-11.151736745886657
2025-11-07,WIPRO,200,PE,WIPRO 200 PE 25 NOV 25,2025-11-07 09:33:00+00:00,236.8,0.12,2025-11-07 14:30:00+00:00,236.93,0.11,Time (2:30PM),-8.33333333333333,-29.999999999999986,0.05489864864864672,25.0,-16.66666666666666
2025-11-11,WIPRO,200,PE,WIPRO 200 PE 25 NOV 25,2025-11-11 09:30:00+00:00,239.26,0.08,2025-11-11 14:30:00+00:00,241.85,0.07,Time (2:30PM),-12.499999999999993,-29.999999999999986,1.0825043885313064,12.499999999999993,-12.499999999999993
2025-11-25,WIPRO,200,PE,WIPRO 200 PE 25 NOV 25,2025-11-25 09:43:00+00:00,245.15,0.01,2025-11-25 14:30:00+00:00,246.53,0.01,Time (2:30PM),0.0,0.0,0.5629206608199043,0.0,0.0
